# t E S  (m=3 n=2 eps=0 alpha=1 mu=1 h=0.02 seed=1) BACD splitting
# S0=0
1.0000000000e+00 9.6604625322098836e-01 5.7365721661549718e-01
1.0200000000e+00 9.5943203201647775e-01 5.8694058651968584e-01
1.0400000000e+00 9.5256671102077140e-01 5.9958661516420053e-01
1.0600000000e+00 9.4547738284498173e-01 6.1156306596502574e-01
1.0800000000e+00 9.3819358523344987e-01 6.2284228002739916e-01
1.1000000000e+00 9.3074688758548574e-01 6.3340136782545264e-01
1.1200000000e+00 9.2317044890848687e-01 6.4322235357799773e-01
1.1400000000e+00 9.1549855712903661e-01 6.5229227124480604e-01
1.1600000000e+00 9.0776615975171115e-01 6.6060321176079206e-01
1.1800000000e+00 9.0000839562511081e-01 6.6815232180632556e-01
1.2000000000e+00 8.9226013707653795e-01 6.7494175506539278e-01
1.2200000000e+00 8.8455555094498828e-01 6.8097857753610103e-01
1.2400000000e+00 8.7692768611739447e-01 6.8627462901862468e-01
1.2600000000e+00 8.6940809410027375e-01 6.9084634340495132e-01
1.2800000000e+00 8.6202648798464621e-01 6.9471453082586321e-01
1.3000000000e+00 8.5481044393251038e-01 6.9790412506906607e-01
1.3200000000e+00 8.4778514807204175e-01 7.0044389996610679e-01
1.3400000000e+00 8.4097319047578534e-01 7.0236615865476093e-01
1.3600000000e+00 8.3439440674606258e-01 7.0370639975984506e-01
1.3800000000e+00 8.2806576667319676e-01 7.0450296460254758e-01
1.4000000000e+00 8.2200130848728248e-01 7.0479666955131537e-01
1.4200000000e+00 8.1621211640895486e-01 7.0463042757209793e-01
1.4400000000e+00 8.1070633852875162e-01 7.0404886292906321e-01
1.4600000000e+00 8.0548924151239309e-01 7.0309792283595751e-01
1.4800000000e+00 8.0056329823989669e-01 7.0182448967046562e-01
1.5000000000e+00 7.9592830423499183e-01 7.0027599714657507e-01
1.5200000000e+00 7.9158151861950155e-01 6.9850005360018375e-01
1.5400000000e+00 7.8751782532426784e-01 6.9654407528773210e-01
1.5600000000e+00 7.8372991039093476e-01 6.9445493233272559e-01
1.5800000000e+00 7.8020845139313322e-01 6.9227860968622956e-01
1.6000000000e+00 7.7694231527618529e-01 6.9005988519974581e-01
1.6200000000e+00 7.7391876124557624e-01 6.8784202664650995e-01
1.6400000000e+00 7.7112364571015379e-01 6.8566650927366934e-01
1.6600000000e+00 7.6854162669027815e-01 6.8357275522572136e-01
1.6800000000e+00 7.6615636551813560e-01 6.8159789595091946e-01
1.7000000000e+00 7.6395072407171372e-01 6.7977655848828511e-01
1.7200000000e+00 7.6190695618079773e-01 6.7814067633379649e-01
1.7400000000e+00 7.6000689220907969e-01 6.7671932539999791e-01
1.7600000000e+00 7.5823211613881303e-01 6.7553858541276512e-01
1.7800000000e+00 7.5656413475307482e-01 6.7462142693079330e-01
1.8000000000e+00 7.5498453871773974e-01 6.7398762402562284e-01
1.8200000000e+00 7.5347515550579880e-01 6.7365369252045004e-01
1.8400000000e+00 7.5201819417917815e-01 6.7363285355216895e-01
1.8600000000e+00 7.5059638204989976e-01 6.7393502209070122e-01
1.8800000000e+00 7.4919309318932203e-01 6.7456681992046574e-01
1.9000000000e+00 7.4779246865097204e-01 6.7553161245904370e-01
1.9200000000e+00 7.4637952813209041e-01 6.7682956865638555e-01
1.9400000000e+00 7.4494027263697415e-01 6.7845774308370621e-01
1.9600000000e+00 7.4346177753863907e-01 6.8041017918464852e-01
1.9800000000e+00 7.4193227528187689e-01 6.8267803252331349e-01
2.0000000000e+00 7.4034122684734494e-01 6.8524971272610391e-01
2.0200000000e+00 7.3867938101789388e-01 6.8811104267941725e-01
2.0400000000e+00 7.3693882046686476e-01 6.9124543341610067e-01
2.0600000000e+00 7.3511299373166072e-01 6.9463407300363855e-01
2.0800000000e+00 7.3319673224811854e-01 6.9825612763991018e-01
2.1000000000e+00 7.3118625180099517e-01 7.0208895307160057e-01
2.1200000000e+00 7.2907913798755097e-01 7.0610831437929955e-01
2.1400000000e+00 7.2687431558495585e-01 7.1028861212482408e-01
2.1600000000e+00 7.2457200204485872e-01 7.1460311283255740e-01
2.1800000000e+00 7.2217364569427711e-01 7.1902418177902327e-01
2.2000000000e+00 7.1968184958397896e-01 7.2352351609405274e-01
2.2200000000e+00 7.1710028227643163e-01 7.2807237623239307e-01
2.2400000000e+00 7.1443357718869871e-01 7.3264181395520378e-01
2.2600000000e+00 7.1168722238661775e-01 7.3720289506452807e-01
2.2800000000e+00 7.0886744295290871e-01 7.4172691525775125e-01
2.3000000000e+00 7.0598107821434652e-01 7.4618560760992847e-01
2.3200000000e+00 7.0303545620588404e-01 7.5055134034596149e-01
2.3400000000e+00 7.0003826777024525e-01 7.5479730372796183e-01
2.3600000000e+00 6.9699744264094710e-01 7.5889768505174038e-01
2.3800000000e+00 6.9392102973892100e-01 7.6282783091631012e-01
2.4000000000e+00 6.9081708373451800e-01 7.6656439609789351e-01
2.4200000000e+00 6.8769355969638801e-01 7.7008547852192044e-01
2.4400000000e+00 6.8455821737676992e-01 7.7337073998002281e-01
2.4600000000e+00 6.8141853638028316e-01 7.7640151238178590e-01
2.4800000000e+00 6.7828164314190542e-01 7.7916088946125284e-01
2.5000000000e+00 6.7515425031083665e-01 7.8163380397470683e-01
2.5200000000e+00 6.7204260881112177e-01 7.8380709052847031e-01
2.5400000000e+00 6.6895247253703594e-01 7.8566953426323893e-01
2.5600000000e+00 6.6588907534977548e-01 7.8721190569518251e-01
2.5800000000e+00 6.6285711977901951e-01 7.8842698207445228e-01
2.6000000000e+00 6.5986077660387132e-01 7.8930955566992123e-01
2.6200000000e+00 6.5690369429642304e-01 7.8985642942629819e-01
2.6400000000e+00 6.5398901716005231e-01 7.9006640046770371e-01
2.6600000000e+00 6.5111941088440939e-01 7.8994023194199969e-01
2.6800000000e+00 6.4829709416945136e-01 7.8948061371426137e-01
2.7000000000e+00 6.4552387504025877e-01 7.8869211242739845e-01
2.7200000000e+00 6.4280119048020401e-01 7.8758111145458742e-01
2.7400000000e+00 6.4013014804904289e-01 7.8615574127329502e-01
2.7600000000e+00 6.3751156822086219e-01 7.8442580079547508e-01
2.7800000000e+00 6.3494602627029628e-01 7.8240267019409138e-01
2.8000000000e+00 6.3243389264963179e-01 7.8009921577328489e-01
2.8200000000e+00 6.2997537092984779e-01 7.7752968743893414e-01
2.8400000000e+00 6.2757053252088690e-01 7.7470960933846766e-01
2.8600000000e+00 6.2521934753625508e-01 7.7165566425381438e-01
2.8800000000e+00 6.2292171132040774e-01 7.6838557234933935e-01
2.9000000000e+00 6.2067746631060283e-01 7.6491796489736730e-01
2.9200000000e+00 6.1848641905461887e-01 7.6127225362711304e-01
2.9400000000e+00 6.1634835234901098e-01 7.5746849636806135e-01
2.9600000000e+00 6.1426303259679194e-01 7.5352725968546785e-01
2.9800000000e+00 6.1223021260640664e-01 7.4946947923300899e-01
3.0000000000e+00 6.1024963016380696e-01 7.4531631857490621e-01
3.0200000000e+00 6.0832100280488954e-01 7.4108902725625692e-01
3.0400000000e+00 6.0644401929546798e-01 7.3680879892497231e-01
3.0600000000e+00 6.0461832838958096e-01 7.3249663033073098e-01
3.0800000000e+00 6.0284352548389952e-01 7.2817318204487147e-01
3.1000000000e+00 6.0111913781617932e-01 7.2385864175927894e-01
3.1200000000e+00 5.9944460886934381e-01 7.1957259103127635e-01
3.1400000000e+00 5.9781928264033268e-01 7.1533387634456314e-01
3.1600000000e+00 5.9624238841506871e-01 7.1116048535266940e-01
3.1800000000e+00 5.9471302665875481e-01 7.0706942916063542e-01
3.2000000000e+00 5.9323015658540812e-01 7.0307663148220911e-01
3.2200000000e+00 5.9179258591347650e-01 6.9919682548341022e-01
3.2400000000e+00 5.9039896324711216e-01 6.9544345908859651e-01
3.2600000000e+00 5.8904777344690862e-01 6.9182860948208924e-01
3.2800000000e+00 5.8773733627146818e-01 6.8836290748698215e-01
3.3000000000e+00 5.8646580848390917e-01 6.8505547244315323e-01
3.3200000000e+00 5.8523118952733721e-01 6.8191385813901073e-01
3.3400000000e+00 5.8403133078225866e-01 6.7894401027658602e-01
3.3600000000e+00 5.8286394832888000e-01 6.7615023586779666e-01
3.3800000000e+00 5.8172663905002231e-01 6.7353518487174246e-01
3.4000000000e+00 5.8061689982776221e-01 6.7109984428957348e-01
3.4200000000e+00 5.7953214951053222e-01 6.6884354483568564e-01
3.4400000000e+00 5.7846975325876104e-01 6.6676398020276784e-01
3.4600000000e+00 5.7742704881757900e-01 6.6485723883461212e-01
3.4800000000e+00 5.7640137421578230e-01 6.6311784801574536e-01
3.5000000000e+00 5.7539009635215177e-01 6.6153882998203017e-01
3.5200000000e+00 5.7439063990408568e-01 6.6011176965261997e-01
3.5400000000e+00 5.7340051597989883e-01 6.5882689348225110e-01
3.5600000000e+00 5.7241734993536175e-01 6.5767315883503641e-01
3.5800000000e+00 5.7143890778715678e-01 6.5663835318785158e-01
3.6000000000e+00 5.7046312068074245e-01 6.5570920238422925e-01
3.6200000000e+00 5.6948810690716112e-01 6.5487148707946607e-01
3.6400000000e+00 5.6851219101188599e-01 6.5411016644538256e-01
3.6600000000e+00 5.6753391959788368e-01 6.5340950813977261e-01
3.6800000000e+00 5.6655207349340764e-01 6.5275322349178422e-01
3.7000000000e+00 5.6556567603115038e-01 6.5212460681095952e-01
3.7200000000e+00 5.6457399726752500e-01 6.5150667769492210e-01
3.7400000000e+00 5.6357655405716234e-01 6.5088232518908451e-01
3.7600000000e+00 5.6257310598609467e-01 6.5023445264146063e-01
3.7800000000e+00 5.6156364725548558e-01 6.4954612209671625e-01
3.8000000000e+00 5.6054839469395035e-01 6.4880069708586374e-01
3.8200000000e+00 5.5952777215837701e-01 6.4798198269117069e-01
3.8400000000e+00 5.5850239165868854e-01 6.4707436179948141e-01
3.8600000000e+00 5.5747303160927431e-01 6.4606292650061781e-01
3.8800000000e+00 5.5644061266723310e-01 6.4493360364011532e-01
3.9000000000e+00 5.5540617166371009e-01 6.4367327359639304e-01
3.9200000000e+00 5.5437083416838784e-01 6.4226988142062591e-01
3.9400000000e+00 5.5333578624789559e-01 6.4071253955204333e-01
3.9600000000e+00 5.5230224598612987e-01 6.3899162140106225e-01
3.9800000000e+00 5.5127143532825718e-01 6.3709884517646254e-01
4.0000000000e+00 5.5024455279085605e-01 6.3502734741961997e-01
4.0200000000e+00 5.4922274754895162e-01 6.3277174579754281e-01
4.0400000000e+00 5.4820709536766898e-01 6.3032819079604618e-01
4.0600000000e+00 5.4719857679317918e-01 6.2769440604385174e-01
4.0800000000e+00 5.4619805795610865e-01 6.2486971708679351e-01
4.1000000000e+00 5.4520627427238244e-01 6.2185506851780392e-01
4.1200000000e+00 5.4422381725345870e-01 6.1865302945220391e-01
4.1400000000e+00 5.4325112456204427e-01 6.1526778741840105e-01
4.1600000000e+00 5.4228847337266084e-01 6.1170513081087474e-01
4.1800000000e+00 5.4133597702079572e-01 6.0797242012489261e-01
4.2000000000e+00 5.4039358485169275e-01 6.0407854826044627e-01
4.2200000000e+00 5.3946108511186541e-01 6.0003389024622600e-01
4.2400000000e+00 5.3853811066468749e-01 5.9585024279296650e-01
4.2600000000e+00 5.3762414725731689e-01 5.9154075413918106e-01
4.2800000000e+00 5.3671854402083574e-01 5.8711984470122136e-01
4.3000000000e+00 5.3582052584971729e-01 5.8260311908389617e-01
4.3200000000e+00 5.3492920728114512e-01 5.7800727004772501e-01
4.3400000000e+00 5.3404360747962742e-01 5.7334997506452923e-01
4.3600000000e+00 5.3316266592779404e-01 5.6864978612471151e-01
4.3800000000e+00 5.3228525843002417e-01 5.6392601348750360e-01
4.4000000000e+00 5.3141021305109837e-01 5.5919860408993682e-01
4.4200000000e+00 5.3053632563670494e-01 5.5448801535153724e-01
4.4400000000e+00 5.2966237459539234e-01 5.4981508512999488e-01
4.4600000000e+00 5.2878713466131910e-01 5.4520089859848064e-01
4.4800000000e+00 5.2790938940264953e-01 5.4066665282802573e-01
4.5200000000e+00 5.2614162619422944e-01 5.3192250912950978e-01
4.5600000000e+00 5.2434991092572414e-01 5.2374925458438126e-01
4.6000000000e+00 5.2252575106763577e-01 5.1630651548515227e-01
4.6400000000e+00 5.2066145683303033e-01 5.0974268110790910e-01
4.6800000000e+00 5.1875017177631910e-01 5.0419085338786629e-01
4.7200000000e+00 5.1678583530463407e-01 4.9976510883763892e-01
4.7600000000e+00 5.1476310655033375e-01 4.9655716811172201e-01
4.8000000000e+00 5.1267728217080366e-01 4.9463356209291709e-01
4.8400000000e+00 5.1052423974059924e-01 4.9403337451385576e-01
4.8800000000e+00 5.0830043358298949e-01 4.9476662978437036e-01
4.9200000000e+00 5.0600296157180169e-01 4.9681338082745818e-01
4.9600000000e+00 5.0362971036244975e-01 5.0012353541524601e-01
5.0000000000e+00 5.0117957376569322e-01 5.0461744097791783e-01
5.0400000000e+00 4.9865272596954546e-01 5.1018722754481716e-01
5.0800000000e+00 4.9605091969266440e-01 5.1669888696704991e-01
5.1400000000e+00 4.9201614040615749e-01 5.2788256643781972e-01
5.1800000000e+00 4.8924737261172108e-01 5.3601778032170244e-01
5.2200000000e+00 4.8642570658388407e-01 5.4446544347385006e-01
5.2600000000e+00 4.8356236335231251e-01 5.5301646908064417e-01
5.3200000000e+00 4.7921842607433573e-01 5.6556956400738545e-01
5.3600000000e+00 4.7631171434520364e-01 5.7344686006725931e-01
5.4000000000e+00 4.7341500308672024e-01 5.8069269661500822e-01
5.4600000000e+00 4.6912377799532617e-01 5.8996486947364424e-01
5.5000000000e+00 4.6632105075136299e-01 5.9483599632318829e-01
5.5400000000e+00 4.6358068286759074e-01 5.9849099411112328e-01
5.6000000000e+00 4.5961126530654806e-01 6.0144925213626155e-01
5.6400000000e+00 4.5707118921784595e-01 6.0162334155989816e-01
5.6800000000e+00 4.5462233473556624e-01 6.0030718470103839e-01
5.7400000000e+00 4.5112489202202682e-01 5.9552884542678641e-01
5.7800000000e+00 4.4891002000952512e-01 5.9051974469135915e-01
5.8400000000e+00 4.4575656747766351e-01 5.8044626723461568e-01
5.8800000000e+00 4.4376103523766119e-01 5.7217942596383875e-01
5.9400000000e+00 4.4091626910137566e-01 5.5779983789792664e-01
5.9800000000e+00 4.3911193986033303e-01 5.4713711181600722e-01
6.0400000000e+00 4.3653303469022098e-01 5.2999986800699539e-01
6.1000000000e+00 4.3409625987015005e-01 5.1210557091092601e-01
6.1400000000e+00 4.3254523528410288e-01 5.0010936669957662e-01
6.2000000000e+00 4.3032038621781926e-01 4.8254494270939235e-01
6.2600000000e+00 4.2820422711008593e-01 4.6610322216749178e-01
6.3000000000e+00 4.2684339988364889e-01 4.5607563259733563e-01
6.3600000000e+00 4.2485399577714600e-01 4.4283498774969821e-01
6.4200000000e+00 4.2288762764759863e-01 4.3213668272078465e-01
6.4800000000e+00 4.2088586689464591e-01 4.2427885941707755e-01
6.5200000000e+00 4.1949602052764390e-01 4.2069453411826041e-01
6.5800000000e+00 4.1726692696121864e-01 4.1780164311239398e-01
6.6400000000e+00 4.1478752453508394e-01 4.1775763383216202e-01
6.7000000000e+00 4.1197667101978735e-01 4.2027196887652474e-01
6.7600000000e+00 4.0877195731879418e-01 4.2491598457728968e-01
6.8200000000e+00 4.0514316772535625e-01 4.3114995771096587e-01
6.8800000000e+00 4.0110263545951647e-01 4.3835730798483569e-01
6.9400000000e+00 3.9670955116407153e-01 4.4588347707042753e-01
7.0000000000e+00 3.9206650448932356e-01 4.5307650405886229e-01
7.0600000000e+00 3.8730836159550364e-01 4.5932616340300775e-01
7.1200000000e+00 3.8258540470331426e-01 4.6409878301596169e-01
7.1800000000e+00 3.7804393344215176e-01 4.6696545753974256e-01
7.2400000000e+00 3.7380794330860262e-01 4.6762218324003724e-01
7.3000000000e+00 3.6996504351173970e-01 4.6590130760159076e-01
7.3600000000e+00 3.6655868243678547e-01 4.6177446611804102e-01
7.4200000000e+00 3.6358736116242629e-01 4.5534777477394189e-01
7.4800000000e+00 3.6101018018384662e-01 4.4685041995668845e-01
7.5600000000e+00 3.5806324981103083e-01 4.3289231861761190e-01
7.6200000000e+00 3.5610630639578505e-01 4.2101302725635142e-01
7.6800000000e+00 3.5426696006725961e-01 4.0847378764990905e-01
7.7400000000e+00 3.5246539767466500e-01 3.9580141286968340e-01
7.8200000000e+00 3.5001341256807217e-01 3.7960918954074557e-01
7.8800000000e+00 3.4807934853008110e-01 3.6863893990302171e-01
7.9600000000e+00 3.4531988344436082e-01 3.5640367017678437e-01
8.0200000000e+00 3.4308925308565691e-01 3.4946529941625426e-01
8.0800000000e+00 3.4069875221897761e-01 3.4470676162994413e-01
8.1600000000e+00 3.3721619025396082e-01 3.4193064091564968e-01
8.2200000000e+00 3.3433488720185445e-01 3.4248824907960507e-01
8.3000000000e+00 3.3004668806133441e-01 3.4643055819826318e-01
8.3800000000e+00 3.2514687298368455e-01 3.5336317443678356e-01
8.4400000000e+00 3.2102157953061711e-01 3.5993768720550734e-01
8.5200000000e+00 3.1490967641851436e-01 3.6960534628479225e-01
8.6000000000e+00 3.0817667716575714e-01 3.7916605455824892e-01
8.6600000000e+00 3.0283167563161828e-01 3.8553635774711831e-01
8.7400000000e+00 2.9553798413164711e-01 3.9209653311421105e-01
8.8200000000e+00 2.8836564455355668e-01 3.9566378375442723e-01
8.9000000000e+00 2.8166023464825135e-01 3.9567515810778248e-01
8.9600000000e+00 2.7711724226581819e-01 3.9320573449356044e-01
9.0400000000e+00 2.7187473240517984e-01 3.8667599537262970e-01
9.1200000000e+00 2.6764944002311830e-01 3.7679148368413484e-01
9.2000000000e+00 2.6442133855151473e-01 3.6416733472415991e-01
9.2800000000e+00 2.6207063800518682e-01 3.4959987855010100e-01
9.3600000000e+00 2.6041464223346744e-01 3.3398198686250730e-01
9.4400000000e+00 2.5924862768474050e-01 3.1821982518402170e-01
9.5200000000e+00 2.5838098613595328e-01 3.0315805899488413e-01
9.6000000000e+00 2.5765627734399549e-01 2.8951829122442357e-01
9.6800000000e+00 2.5696411809991188e-01 2.7785355740921530e-01
9.7800000000e+00 2.5604311490832538e-01 2.6657323375390340e-01
9.8600000000e+00 2.5521828431390065e-01 2.6034053360109111e-01
9.9400000000e+00 2.5429461556020583e-01 2.5649674656647836e-01
1.0020000000e+01 2.5325877172162453e-01 2.5477571434339169e-01
1.0120000000e+01 2.5178780677830576e-01 2.5499969083442209e-01
1.0200000000e+01 2.5045971623910684e-01 2.5649573108593532e-01
1.0280000000e+01 2.4899828120114947e-01 2.5862473277926801e-01
1.0380000000e+01 2.4701121915520297e-01 2.6149091020011400e-01
1.0460000000e+01 2.4533748319254706e-01 2.6351600313009071e-01
1.0560000000e+01 2.4322497732040710e-01 2.6535648412639246e-01
1.0640000000e+01 2.4158879709135694e-01 2.6619548399328652e-01
1.0740000000e+01 2.3969378403759864e-01 2.6657226863852290e-01
1.0840000000e+01 2.3802360234306943e-01 2.6653545102370479e-01
1.0920000000e+01 2.3686080494976416e-01 2.6651718194893131e-01
1.1020000000e+01 2.3560121743302520e-01 2.6688541489219475e-01
1.1120000000e+01 2.3450412113017205e-01 2.6798808198620155e-01
1.1220000000e+01 2.3350200171090205e-01 2.6993104187265149e-01
1.1300000000e+01 2.3272685609354091e-01 2.7198706830635538e-01
1.1400000000e+01 2.3175257150788767e-01 2.7483879868096411e-01
1.1500000000e+01 2.3074893196000285e-01 2.7742743502220840e-01
1.1600000000e+01 2.2971004751040738e-01 2.7902116962457391e-01
1.1700000000e+01 2.2864377221762233e-01 2.7889040622209604e-01
1.1800000000e+01 2.2756274269208213e-01 2.7644249932558285e-01
1.1900000000e+01 2.2647672252861967e-01 2.7134114041302587e-01
1.2000000000e+01 2.2538945997358395e-01 2.6358999664243066e-01
1.2120000000e+01 2.2408334451050002e-01 2.5134685460355333e-01
1.2220000000e+01 2.2299744244132563e-01 2.3957925324108931e-01
1.2320000000e+01 2.2192656602313757e-01 2.2748073228957127e-01
1.2420000000e+01 2.2089226096167958e-01 2.1620036006470983e-01
1.2540000000e+01 2.1973495090839884e-01 2.0528714968986245e-01
1.2640000000e+01 2.1886335065742168e-01 1.9939969360658144e-01
1.2760000000e+01 2.1793624322588470e-01 1.9689732850038061e-01
1.2860000000e+01 2.1724842615665618e-01 1.9860333855209897e-01
1.2980000000e+01 2.1648775459839478e-01 2.0444222257385308e-01
1.3080000000e+01 2.1587350368783301e-01 2.1138202736981176e-01
1.3200000000e+01 2.1512156619705933e-01 2.2042916888913738e-01
1.3320000000e+01 2.1432441826669982e-01 2.2825448324987646e-01
1.3420000000e+01 2.1361130434561015e-01 2.3253237655245929e-01
1.3540000000e+01 2.1268233551812238e-01 2.3398085172985245e-01
1.3660000000e+01 2.1165357131043974e-01 2.3117104002903682e-01
1.3780000000e+01 2.1050218354114583e-01 2.2479213673601514e-01
1.3900000000e+01 2.0921646684090053e-01 2.1636753111198037e-01
1.4020000000e+01 2.0781146145571219e-01 2.0792882859599679e-01
1.4140000000e+01 2.0633480814579408e-01 2.0157826228058415e-01
1.4260000000e+01 2.0485617759812999e-01 1.9902857747323172e-01
1.4380000000e+01 2.0344422341803053e-01 2.0121500491289310e-01
1.4500000000e+01 2.0214287072785533e-01 2.0806154378650174e-01
1.4640000000e+01 2.0077211696188871e-01 2.2040324712364606e-01
1.4760000000e+01 1.9969433057993918e-01 2.3241792503008674e-01
1.4880000000e+01 1.9866702461199609e-01 2.4317350999809376e-01
1.5020000000e+01 1.9749276782268924e-01 2.5100187363550464e-01
1.5140000000e+01 1.9648728529956239e-01 2.5169941813456742e-01
1.5280000000e+01 1.9529928671639304e-01 2.4455219544801227e-01
1.5400000000e+01 1.9425521934052309e-01 2.3220886616954206e-01
1.5540000000e+01 1.9300082956403500e-01 2.1282314700770094e-01
1.5680000000e+01 1.9173667033112915e-01 1.9163275578807071e-01
1.5800000000e+01 1.9070718230443776e-01 1.7510153318254409e-01
1.5940000000e+01 1.8966990567112663e-01 1.6077884967472880e-01
1.6080000000e+01 1.8889643204572681e-01 1.5381535541837493e-01
1.6220000000e+01 1.8840050036197670e-01 1.5458003383995034e-01
1.6360000000e+01 1.8809428155068800e-01 1.6168210311331832e-01
1.6500000000e+01 1.8781976766916625e-01 1.7247156074209882e-01
1.6640000000e+01 1.8741193196242723e-01 1.8384482418662618e-01
1.6780000000e+01 1.8675320535309520e-01 1.9311271265988300e-01
1.6940000000e+01 1.8563184966989402e-01 1.9913800026316958e-01
1.7080000000e+01 1.8434165855128931e-01 2.0028174458526479e-01
1.7220000000e+01 1.8282156457922430e-01 1.9875914470661440e-01
1.7380000000e+01 1.8092124849593616e-01 1.9609902381139466e-01
1.7520000000e+01 1.7924750119538013e-01 1.9493128820057695e-01
1.7680000000e+01 1.7747513714526386e-01 1.9625387357036464e-01
1.7820000000e+01 1.7612204145722646e-01 1.9959324689820820e-01
1.7980000000e+01 1.7478322894036791e-01 2.0431851546044172e-01
1.8140000000e+01 1.7354475685758036e-01 2.0745754828523519e-01
1.8300000000e+01 1.7226630366351733e-01 2.0653022033591883e-01
1.8460000000e+01 1.7089987667790124e-01 2.0030019711325836e-01
1.8620000000e+01 1.6952445924150777e-01 1.8934986850727903e-01
1.8780000000e+01 1.6828011587249508e-01 1.7590906696641587e-01
1.8940000000e+01 1.6726656753556857e-01 1.6301619224079819e-01
1.9100000000e+01 1.6649085217033366e-01 1.5337999646928421e-01
1.9260000000e+01 1.6588534324193313e-01 1.4842982403605554e-01
1.9420000000e+01 1.6535848457565219e-01 1.4793970900892786e-01
1.9600000000e+01 1.6476192602633949e-01 1.5075018617152358e-01
1.9760000000e+01 1.6413994083209243e-01 1.5397562442601814e-01
1.9940000000e+01 1.6318802094239290e-01 1.5652659706755068e-01
2.0100000000e+01 1.6200383503860599e-01 1.5761134312942870e-01
2.0280000000e+01 1.6033844673916098e-01 1.5888551452796101e-01
2.0460000000e+01 1.5861963998858319e-01 1.6250991972546619e-01
2.0640000000e+01 1.5719614054898945e-01 1.7010832980951268e-01
2.0820000000e+01 1.5615935598304403e-01 1.8107324099892838e-01
2.1000000000e+01 1.5530169397674798e-01 1.9217143122959798e-01
2.1180000000e+01 1.5436691496402796e-01 1.9865971509538199e-01
2.1360000000e+01 1.5327714288359076e-01 1.9647580817432292e-01
2.1540000000e+01 1.5208930423869868e-01 1.8438326032958491e-01
2.1720000000e+01 1.5083751567343340e-01 1.6492100661109221e-01
2.1920000000e+01 1.4940023342363057e-01 1.4146360688981383e-01
2.2100000000e+01 1.4821948923702261e-01 1.2571390393202092e-01
2.2300000000e+01 1.4729826083848996e-01 1.1973989392422039e-01
2.2480000000e+01 1.4686366676645526e-01 1.2522152594510047e-01
2.2680000000e+01 1.4653308274819454e-01 1.3871016877176262e-01
2.2880000000e+01 1.4598663001732451e-01 1.5201926605926558e-01
2.3080000000e+01 1.4507206474952172e-01 1.5808845859368084e-01
2.3280000000e+01 1.4383224881456327e-01 1.5471367914911413e-01
2.3480000000e+01 1.4233672959620960e-01 1.4539427564586205e-01
2.3680000000e+01 1.4070599636318029e-01 1.3697514926599957e-01
2.3880000000e+01 1.3913610634321863e-01 1.3556732556823820e-01
2.4080000000e+01 1.3772871907385367e-01 1.4301772656545700e-01
2.4300000000e+01 1.3623708075395352e-01 1.5714426261791523e-01
2.4500000000e+01 1.3478661824079982e-01 1.6784879306453665e-01
2.4720000000e+01 1.3316227338463593e-01 1.6969221350596894e-01
2.4920000000e+01 1.3182129729336201e-01 1.6039423703898439e-01
2.5140000000e+01 1.3054580500514712e-01 1.4222649088548606e-01
2.5360000000e+01 1.2948439444077794e-01 1.2384581692306788e-01
2.5580000000e+01 1.2875003411560770e-01 1.1249843519348414e-01
2.5800000000e+01 1.2837294481175743e-01 1.1054279166344491e-01
2.6020000000e+01 1.2808251443306229e-01 1.1513991595963441e-01
2.6240000000e+01 1.2749378049170129e-01 1.2125590028322238e-01
2.6480000000e+01 1.2632693872398765e-01 1.2581213777897923e-01
2.6700000000e+01 1.2491469614503736e-01 1.2835608899958814e-01
2.6940000000e+01 1.2333648366837167e-01 1.3215819442338278e-01
2.7160000000e+01 1.2214812110144213e-01 1.3774650298687890e-01
2.7400000000e+01 1.2123608862887789e-01 1.4361029748015386e-01
2.7640000000e+01 1.2051340610680925e-01 1.4418312857126581e-01
2.7880000000e+01 1.1968155129820637e-01 1.3644989832293644e-01
2.8120000000e+01 1.1867086493351975e-01 1.2311538635784811e-01
2.8360000000e+01 1.1767097925017847e-01 1.1139094858070224e-01
2.8600000000e+01 1.1694191404879489e-01 1.0759708102841491e-01
2.8860000000e+01 1.1658526011046871e-01 1.1268166828081357e-01
2.9100000000e+01 1.1644430512811968e-01 1.1939355285179253e-01
2.9360000000e+01 1.1599882871517410e-01 1.2056842889198846e-01
2.9600000000e+01 1.1505021924323264e-01 1.1446339476026179e-01
2.9860000000e+01 1.1372189405554087e-01 1.0673757776632119e-01
3.0120000000e+01 1.1271519299789057e-01 1.0724869037682072e-01
3.0380000000e+01 1.1228426825602321e-01 1.1848686745560044e-01
3.0640000000e+01 1.1202285441259655e-01 1.3212429312765189e-01
3.0900000000e+01 1.1143003081850297e-01 1.3581458777624561e-01
3.1180000000e+01 1.1028097566531772e-01 1.2314239584451742e-01
3.1440000000e+01 1.0898217209644032e-01 1.0413319863805526e-01
3.1720000000e+01 1.0787121800082961e-01 9.1939187225766217e-02
3.1980000000e+01 1.0736718303601772e-01 9.6066797496472650e-02
3.2260000000e+01 1.0696992444028991e-01 1.1071721641852306e-01
3.2540000000e+01 1.0618008731620321e-01 1.2070673483581662e-01
3.2820000000e+01 1.0500228695990869e-01 1.1703704891389043e-01
3.3100000000e+01 1.0375853984623197e-01 1.0508790742517771e-01
3.3400000000e+01 1.0277030227081341e-01 9.7218969169684144e-02
3.3680000000e+01 1.0237114937431761e-01 1.0070647906329681e-01
3.3960000000e+01 1.0211647435098396e-01 1.0881640365140237e-01
3.4260000000e+01 1.0139580150465567e-01 1.1184800006169376e-01
3.4560000000e+01 1.0030456314069333e-01 1.0626322995016048e-01
3.4860000000e+01 9.9455078069749556e-02 9.9514491425964191e-02
3.5160000000e+01 9.8970742839877654e-02 9.8250594182573980e-02
3.5460000000e+01 9.8500815879803749e-02 1.0015054338454556e-01
3.5760000000e+01 9.7868186187137288e-02 9.9299463341690875e-02
3.6080000000e+01 9.6910938684950709e-02 9.5838411721456587e-02
3.6380000000e+01 9.5999505830441395e-02 9.6849021542250044e-02
3.6700000000e+01 9.5332950532006328e-02 1.0435961308232736e-01
3.7020000000e+01 9.4683745164882163e-02 1.0855153791343637e-01
3.7340000000e+01 9.3743669988098660e-02 9.9441895910506228e-02
3.7660000000e+01 9.2535707265317596e-02 8.3034886894853346e-02
3.7980000000e+01 9.1531476990028060e-02 7.6884145117846081e-02
3.8320000000e+01 9.1224573000569284e-02 8.9772888386560168e-02
3.8640000000e+01 9.1176586642083807e-02 1.0599195174024126e-01
3.8980000000e+01 9.0545582715422596e-02 1.0728562888338956e-01
3.9320000000e+01 8.9245397018474018e-02 9.3235585554359887e-02
3.9660000000e+01 8.8163268929995056e-02 8.3782607598476083e-02
4.0000000000e+01 8.7834547808482474e-02 8.8677741499770951e-02
4.0340000000e+01 8.7553341524164080e-02 9.4852556159872009e-02
4.0680000000e+01 8.6750938261833083e-02 8.8251007338104148e-02
4.1040000000e+01 8.5401061720895233e-02 7.5262798402243855e-02
4.1400000000e+01 8.4372434724497805e-02 7.5782788767551332e-02
4.1760000000e+01 8.3642826495769956e-02 9.0237908052085938e-02
4.2120000000e+01 8.2389513830628078e-02 9.9311318400289131e-02
4.2480000000e+01 8.1181104204549714e-02 9.3976969182551801e-02
4.2840000000e+01 8.0512406627293850e-02 8.4918971126686282e-02
4.3220000000e+01 8.0356312393622328e-02 8.0803822099059369e-02
4.3580000000e+01 8.0134233057044216e-02 7.7234795891944041e-02
4.3960000000e+01 7.9379685351425672e-02 7.1046511237500179e-02
4.4340000000e+01 7.8718082286123869e-02 7.1892809029813098e-02
4.4720000000e+01 7.8461537152484995e-02 8.2178282915188375e-02
4.5120000000e+01 7.8020492748132442e-02 8.7728568126586387e-02
4.5500000000e+01 7.7012895304159751e-02 8.1916344312872411e-02
4.5900000000e+01 7.6138264576219569e-02 7.9559612038423877e-02
4.6280000000e+01 7.6057461585077507e-02 8.6378058809326225e-02
4.6680000000e+01 7.5880882729650240e-02 8.3917074081517523e-02
4.7100000000e+01 7.4741332348265022e-02 6.2917211744138529e-02
4.7500000000e+01 7.3656228047838487e-02 5.3249128678227620e-02
4.7900000000e+01 7.3691992591066305e-02 7.0716558848404359e-02
4.8320000000e+01 7.3717592825532585e-02 9.1171604315220145e-02
4.8740000000e+01 7.2788306061526364e-02 8.7299546907009001e-02
4.9160000000e+01 7.1856636392713946e-02 7.5000110881163567e-02
4.9580000000e+01 7.1775256496233480e-02 7.2892423659644309e-02
5.0020000000e+01 7.1597867129572584e-02 6.9850465559124192e-02
5.0440000000e+01 7.0724474537922993e-02 6.0855519898625289e-02
5.0880000000e+01 7.0186557367325861e-02 6.2307141886554715e-02
5.1320000000e+01 6.9903184217083691e-02 7.4383683415883334e-02
5.1760000000e+01 6.9047296796035898e-02 7.8380732030054759e-02
5.2200000000e+01 6.8393551006582773e-02 7.6576847664354769e-02
5.2660000000e+01 6.8349480560809903e-02 7.6603327068897553e-02
5.3120000000e+01 6.8023022900711938e-02 6.6788824947156655e-02
5.3580000000e+01 6.7028832616604944e-02 5.3553238825099367e-02
5.4040000000e+01 6.6604630733808068e-02 6.0906392967702103e-02
5.4500000000e+01 6.5950665074863607e-02 7.4687340836593494e-02
5.4980000000e+01 6.4695322671454933e-02 6.9731759920077449e-02
5.5440000000e+01 6.3871765766941688e-02 6.6115185806252280e-02
5.5920000000e+01 6.3902027381907658e-02 7.4568101995980032e-02
5.6400000000e+01 6.3391386842763978e-02 6.6294524216713502e-02
5.6900000000e+01 6.2179134139832920e-02 4.7899082239839921e-02
5.7380000000e+01 6.2072329451814519e-02 5.6125064418818156e-02
5.7880000000e+01 6.2227703108379995e-02 7.2466621967169839e-02
5.8380000000e+01 6.1313885180820205e-02 6.8768619105272877e-02
5.8880000000e+01 6.0680497458976752e-02 6.2619276345513689e-02
5.9400000000e+01 6.0275517429418814e-02 5.9564825776295863e-02
5.9900000000e+01 5.9545729551922076e-02 5.4836014991113971e-02
6.0420000000e+01 5.9393548812219511e-02 6.0320126897389317e-02
6.0940000000e+01 5.9176594589737251e-02 6.3374298685668601e-02
6.1480000000e+01 5.8157984134457955e-02 5.6313354216907092e-02
6.2000000000e+01 5.8167336416380742e-02 6.2158413291361223e-02
6.2540000000e+01 5.8132317438431599e-02 6.2881653625209699e-02
6.3080000000e+01 5.7015001499697293e-02 4.9144211386531633e-02
6.3620000000e+01 5.6806541059562177e-02 5.7109188592419889e-02
6.4180000000e+01 5.6726990169164354e-02 6.5652320265488548e-02
6.4720000000e+01 5.5679318126363397e-02 5.3029898985423728e-02
6.5280000000e+01 5.5525304814136187e-02 5.4609625689765365e-02
6.5840000000e+01 5.5411516831688323e-02 5.8063028532516450e-02
6.6420000000e+01 5.4494573279181745e-02 5.0853180651317317e-02
6.7000000000e+01 5.4444490261386438e-02 5.8675350500847240e-02
6.7560000000e+01 5.4068469286659024e-02 5.9696129828430304e-02
6.8160000000e+01 5.3476333487833740e-02 5.2022439280817817e-02
6.8740000000e+01 5.3454156113318108e-02 4.9589197491474085e-02
6.9340000000e+01 5.2720708854659820e-02 4.8026226664937263e-02
6.9940000000e+01 5.2576730705127826e-02 6.2280319119548067e-02
7.0540000000e+01 5.2120799682392076e-02 5.9254582069492349e-02
7.1140000000e+01 5.1023332101545325e-02 4.3199807506308002e-02
7.1760000000e+01 5.1269604763211428e-02 5.2240480873113455e-02
7.2380000000e+01 5.0601738301240019e-02 4.8192100676833889e-02
7.3000000000e+01 4.9840418027927311e-02 5.0242021789528163e-02
7.3640000000e+01 4.9871771697335983e-02 6.1638667387721148e-02
7.4280000000e+01 4.9023257283121194e-02 4.7003607705219858e-02
7.4920000000e+01 4.8894909979345563e-02 4.3231441588962520e-02
7.5560000000e+01 4.8475952491203664e-02 4.4562575079857905e-02
7.6220000000e+01 4.8153957602498527e-02 5.3959683509278406e-02
7.6860000000e+01 4.7849405837372329e-02 5.6181049570127095e-02
7.7540000000e+01 4.7098906827411607e-02 4.5254889762752007e-02
7.8200000000e+01 4.7159467319240644e-02 4.3018210136820952e-02
7.8880000000e+01 4.6247192382256296e-02 3.9152788483171261e-02
7.9560000000e+01 4.6449789636183257e-02 5.8679812706666917e-02
8.0240000000e+01 4.5797908619602187e-02 4.9795911358871431e-02
8.0940000000e+01 4.5178136557572954e-02 3.9263008173672669e-02
8.1640000000e+01 4.5478638162737714e-02 4.5156631183059459e-02
8.2340000000e+01 4.4627478540477786e-02 4.1498888277894316e-02
8.3060000000e+01 4.4772883206865066e-02 5.2966480454427117e-02
8.3760000000e+01 4.4186400759207205e-02 4.6122753163893360e-02
8.4500000000e+01 4.4084567670799921e-02 4.0136870204948445e-02
8.5220000000e+01 4.3444922910384640e-02 3.8224565156627630e-02
8.5960000000e+01 4.3577673542936422e-02 5.2523400846009920e-02
8.6700000000e+01 4.2749826549185653e-02 4.1907847950297582e-02
8.7440000000e+01 4.2473217539627503e-02 4.3516912831243017e-02
8.8200000000e+01 4.1619254518416249e-02 3.7327805456955770e-02
8.8960000000e+01 4.1341972856245579e-02 4.5578030771816845e-02
8.9740000000e+01 4.0809829597500125e-02 4.3037552808735356e-02
9.0500000000e+01 4.0316760582575446e-02 3.7622478646497065e-02
9.1280000000e+01 4.0289244046884241e-02 4.2184495972895392e-02
9.2080000000e+01 3.9860007499271349e-02 4.0368536345584988e-02
9.2880000000e+01 3.9586243663052745e-02 3.9072377825047522e-02
9.3680000000e+01 3.9486482810329356e-02 4.1395501137693996e-02
9.4480000000e+01 3.8930301755947277e-02 3.5914796787025971e-02
9.5300000000e+01 3.8870688788216201e-02 4.5393497038508833e-02
9.6120000000e+01 3.8135785218250194e-02 3.3400593789967015e-02
9.6960000000e+01 3.7950697091303845e-02 3.8854635129651378e-02
9.7780000000e+01 3.7334712222843847e-02 3.9719587831289552e-02
9.8640000000e+01 3.7359792713963759e-02 4.0711865388505263e-02
9.9480000000e+01 3.6776052418170002e-02 3.1026536299788451e-02
1.0034000000e+02 3.6797956038733932e-02 3.8177917413298249e-02
1.0122000000e+02 3.6301470749235988e-02 4.0933565319523760e-02
1.0208000000e+02 3.6288283990805366e-02 3.5400273167982381e-02
1.0296000000e+02 3.5828174262609515e-02 3.2288311619098529e-02
1.0386000000e+02 3.5746289578554101e-02 3.6420777503242519e-02
1.0476000000e+02 3.5457343357425064e-02 4.2900831835922200e-02
1.0566000000e+02 3.4685180417106165e-02 2.8459426090497432e-02
1.0656000000e+02 3.4234298639376826e-02 3.3662258231375211e-02
1.0748000000e+02 3.3608995426722028e-02 3.8811885262176500e-02
1.0842000000e+02 3.3560804225779846e-02 3.3895295018210238e-02
1.0936000000e+02 3.3218793964685953e-02 2.9588877570732953e-02
1.1030000000e+02 3.2899562799051582e-02 3.3295279688924408e-02
1.1124000000e+02 3.3090061514712568e-02 3.9883932044025974e-02
1.1220000000e+02 3.2302759858848770e-02 2.5468162655157039e-02
1.1318000000e+02 3.2568019959242051e-02 3.4200935847987515e-02
1.1416000000e+02 3.2113967418691242e-02 3.5718559754202406e-02
1.1514000000e+02 3.1777645069867189e-02 2.9362032028550030e-02
1.1614000000e+02 3.1646628775106288e-02 3.1215745551500251e-02
1.1714000000e+02 3.1306576101117832e-02 3.4784178937805631e-02
1.1814000000e+02 3.0934898856097945e-02 2.7566954670223624e-02
1.1916000000e+02 3.1092044455997093e-02 3.4485015315589888e-02
1.2020000000e+02 3.0441825340856814e-02 2.8942636707398401e-02
1.2124000000e+02 3.0530852089108832e-02 2.9920122118633100e-02
1.2228000000e+02 3.0356322104429390e-02 3.3134498113786853e-02
1.2334000000e+02 2.9807385780353760e-02 2.8405839912110417e-02
1.2440000000e+02 2.9619448102776509e-02 2.8621571566500269e-02
1.2548000000e+02 2.9445716778235334e-02 3.2211676523858347e-02
1.2656000000e+02 2.9103685160187166e-02 3.0305849232797152e-02
1.2766000000e+02 2.8741361567239165e-02 2.2492695015854051e-02
1.2876000000e+02 2.9087876969618055e-02 3.7065731327952711e-02
1.2986000000e+02 2.8441113588348700e-02 2.5842391414939735e-02
1.3098000000e+02 2.8276345230550157e-02 2.4603174362052518e-02
1.3212000000e+02 2.8348458691501020e-02 3.3768940847878216e-02
1.3326000000e+02 2.8049109868578066e-02 2.7013691962142108e-02
1.3442000000e+02 2.7612111560555645e-02 2.5747420277004631e-02
1.3558000000e+02 2.7344846375240844e-02 2.9793953318558612e-02
1.3674000000e+02 2.7368697201918993e-02 2.5520570801747182e-02
1.3792000000e+02 2.7065834399401575e-02 3.0201032621424442e-02
1.3912000000e+02 2.6638235374230584e-02 2.5534596951606457e-02
1.4032000000e+02 2.6582160043022572e-02 2.4108933665407808e-02
1.4152000000e+02 2.6447946861128020e-02 2.8795259122971678e-02
1.4274000000e+02 2.6308595485017634e-02 2.8413479665817823e-02
1.4398000000e+02 2.5845627252968503e-02 2.4440573498784202e-02
1.4522000000e+02 2.5576727068934588e-02 2.4673075908781757e-02
1.4648000000e+02 2.5596680745689812e-02 2.4516879542640917e-02
1.4774000000e+02 2.5567397646618056e-02 2.9126978769170232e-02
1.4902000000e+02 2.5205964332624727e-02 2.4475556543567940e-02
1.5030000000e+02 2.5010160483377671e-02 2.6441177592620338e-02
1.5160000000e+02 2.4633452278408238e-02 2.2412216795099485e-02
1.5292000000e+02 2.4314184306698405e-02 2.2121337650707361e-02
1.5424000000e+02 2.4449654522335357e-02 2.7507078340322167e-02
1.5556000000e+02 2.4178800949582118e-02 2.4056853587717555e-02
1.5690000000e+02 2.3965669213163881e-02 2.7341105141384728e-02
1.5826000000e+02 2.3633120371015899e-02 2.0713612892527634e-02
1.5962000000e+02 2.3463966325328031e-02 2.5991032989829840e-02
1.6100000000e+02 2.3141710486438920e-02 1.8731826413134325e-02
1.6240000000e+02 2.3037129502986184e-02 2.1607384756792448e-02
1.6380000000e+02 2.3129389057700494e-02 2.6544136477244649e-02
1.6522000000e+02 2.2824829025007723e-02 2.0856050288656107e-02
1.6664000000e+02 2.2805923228402941e-02 2.6517031518050245e-02
1.6808000000e+02 2.2627844513580707e-02 2.2041784766018646e-02
1.6954000000e+02 2.2415963974203201e-02 2.7271578173223843e-02
1.7100000000e+02 2.1970790707273053e-02 2.0524482430339698e-02
1.7248000000e+02 2.1700655876370569e-02 2.2014160720061071e-02
1.7396000000e+02 2.1526019554718383e-02 2.0198048077899072e-02
1.7546000000e+02 2.1407227634121926e-02 2.2952707753828246e-02
1.7698000000e+02 2.1082372088779579e-02 1.8795569576146594e-02
1.7850000000e+02 2.0952288397236441e-02 1.8878333827669295e-02
1.8004000000e+02 2.0796405850558891e-02 1.8721137889453746e-02
1.8160000000e+02 2.0706638671603661e-02 2.0938020070246817e-02
1.8318000000e+02 2.0509361017944913e-02 1.8525480046742343e-02
1.8476000000e+02 2.0354564862977521e-02 2.1106171007867141e-02
1.8634000000e+02 2.0068980920378163e-02 1.4770498975643549e-02
1.8796000000e+02 1.9967120962042083e-02 2.0277167783063640e-02
1.8958000000e+02 1.9793613450293703e-02 1.7178795938429883e-02
1.9122000000e+02 1.9724098117706583e-02 2.2265983634967151e-02
1.9286000000e+02 1.9449172835282781e-02 1.6544345737681529e-02
1.9454000000e+02 1.9374191889113199e-02 2.1715351257431535e-02
1.9622000000e+02 1.9167624791880600e-02 1.6932316289495208e-02
1.9790000000e+02 1.9137886441023724e-02 1.9999417725602119e-02
1.9962000000e+02 1.9081944272018120e-02 1.9127119116652509e-02
2.0134000000e+02 1.9043287779064430e-02 2.1934987103128627e-02
2.0308000000e+02 1.8761887998295101e-02 2.0717044035598986e-02
2.0484000000e+02 1.8473407972139737e-02 1.8852794717960294e-02
2.0660000000e+02 1.8275446422126730e-02 1.8543934750257812e-02
2.0838000000e+02 1.8053486733296049e-02 1.7617748123300747e-02
2.1018000000e+02 1.7909064939691681e-02 1.6294632901722873e-02
2.1200000000e+02 1.7813362876077571e-02 1.8277230450712022e-02
2.1382000000e+02 1.7674103304632750e-02 1.6143710824514365e-02
2.1568000000e+02 1.7629972787368737e-02 2.0009803322241400e-02
2.1754000000e+02 1.7317045935229085e-02 1.4790091662473999e-02
2.1942000000e+02 1.7151653704856159e-02 1.5444414060933154e-02
2.2130000000e+02 1.7004163716853291e-02 1.5813959359953160e-02
2.2322000000e+02 1.6923346480781365e-02 1.5466879379462563e-02
2.2514000000e+02 1.6853848430122574e-02 1.9791836582941268e-02
2.2710000000e+02 1.6542244327709361e-02 1.3856385998709512e-02
2.2906000000e+02 1.6374985513816692e-02 1.5799550482533051e-02
2.3104000000e+02 1.6357765627308021e-02 1.6424626335804916e-02
2.3302000000e+02 1.6253580148114399e-02 1.5464822158019670e-02
2.3504000000e+02 1.5976502614995041e-02 1.4299707240617247e-02
2.3706000000e+02 1.5875742623098012e-02 1.4890056600910912e-02
2.3912000000e+02 1.5921574391363678e-02 1.6456155033699779e-02
2.4118000000e+02 1.5715734487095481e-02 1.4457340973308679e-02
2.4326000000e+02 1.5527741960822319e-02 1.5787057750024466e-02
2.4536000000e+02 1.5534753450049286e-02 1.5061374743319341e-02
2.4748000000e+02 1.5437574092118312e-02 1.4744024522070031e-02
2.4962000000e+02 1.5262966172535005e-02 1.6749040805215387e-02
2.5178000000e+02 1.5253578948494603e-02 1.5117062558948374e-02
2.5394000000e+02 1.5064671279752348e-02 1.4606439048485329e-02
2.5614000000e+02 1.4987167205058653e-02 1.6811345579986904e-02
2.5836000000e+02 1.4886849618402413e-02 1.3845994974454618e-02
2.6058000000e+02 1.4637396238773984e-02 1.2588571678574845e-02
2.6284000000e+02 1.4751194857119414e-02 1.6124738570942685e-02
2.6510000000e+02 1.4512007244061901e-02 1.4091466244902770e-02
2.6740000000e+02 1.4527558855491242e-02 1.6782260851820337e-02
2.6970000000e+02 1.4255022384490709e-02 1.3689165839542739e-02
2.7202000000e+02 1.4192804140170831e-02 1.4512747438555570e-02
2.7438000000e+02 1.4006045636222150e-02 1.4892125382005099e-02
2.7674000000e+02 1.3894719442878959e-02 1.4330893027130396e-02
2.7914000000e+02 1.3774031563353387e-02 1.2364560255009158e-02
2.8154000000e+02 1.3773820405570812e-02 1.5609609090543932e-02
2.8398000000e+02 1.3529750672709047e-02 1.3982342233505456e-02
2.8642000000e+02 1.3473037595721391e-02 1.3769788421352612e-02
2.8890000000e+02 1.3254408508893409e-02 1.1765548630310443e-02
2.9140000000e+02 1.3268904688723058e-02 1.3911285061589366e-02
2.9392000000e+02 1.2997002344473369e-02 1.1848729343941100e-02
2.9646000000e+02 1.2983995508937158e-02 1.2815549937407505e-02
2.9902000000e+02 1.2989684841934780e-02 1.5034507498476440e-02
3.0160000000e+02 1.2677561744303465e-02 1.1532638381420570e-02
3.0420000000e+02 1.2706355432667238e-02 1.1889517642619883e-02
3.0682000000e+02 1.2678541763267361e-02 1.2497205349951676e-02
3.0948000000e+02 1.2419904034277215e-02 1.1349929587422022e-02
3.1214000000e+02 1.2488627468590363e-02 1.4830561472708208e-02
3.1484000000e+02 1.2426579244710878e-02 1.4612044025529191e-02
3.1756000000e+02 1.2127732678504496e-02 1.0867530728629164e-02
3.2030000000e+02 1.2047910347907064e-02 1.1270482162007583e-02
3.2306000000e+02 1.2019503816618798e-02 1.1834652120021511e-02
3.2586000000e+02 1.1993016722953071e-02 1.3294992508838754e-02
3.2868000000e+02 1.1761381752518157e-02 1.0556509361132387e-02
3.3150000000e+02 1.1598331670716396e-02 8.8938987180563131e-03
3.3438000000e+02 1.1580994372242987e-02 1.0006076673103662e-02
3.3726000000e+02 1.1533942656050662e-02 1.2073726747429930e-02
3.4018000000e+02 1.1515420033581279e-02 1.4056047432910033e-02
3.4310000000e+02 1.1299369010603761e-02 1.2861118386634507e-02
3.4606000000e+02 1.1180903647994511e-02 1.2366546215131878e-02
3.4906000000e+02 1.1041643770353526e-02 1.1325071832254110e-02
3.5208000000e+02 1.0960045512474433e-02 1.0677091291152921e-02
3.5512000000e+02 1.0874551733716825e-02 1.0500170653039121e-02
3.5818000000e+02 1.0822948526521881e-02 1.0733867915528196e-02
3.6128000000e+02 1.0821073981696912e-02 1.2517868840924162e-02
3.6440000000e+02 1.0672856033968068e-02 1.1101047009328166e-02
3.6754000000e+02 1.0634505535310980e-02 1.2375331518304004e-02
3.7072000000e+02 1.0541062022485115e-02 1.2029994049156015e-02
3.7392000000e+02 1.0392871264447837e-02 1.0215296054509524e-02
3.7714000000e+02 1.0363131807776106e-02 1.1094174557264799e-02
3.8040000000e+02 1.0234034447727237e-02 9.5386154719331161e-03
3.8368000000e+02 1.0110803971303001e-02 8.2632069853480587e-03
3.8700000000e+02 1.0092504597381551e-02 9.3681207619548124e-03
3.9034000000e+02 9.9829210194109213e-03 8.5973796924016660e-03
3.9370000000e+02 9.8911566622332091e-03 8.6142635727287885e-03
3.9710000000e+02 9.8419303948270760e-03 8.7749623272878816e-03
4.0054000000e+02 9.7703984302598794e-03 9.5745113566411133e-03
4.0400000000e+02 9.6076323642306088e-03 8.8942354135064169e-03
4.0748000000e+02 9.5157123393808194e-03 9.0187695863724309e-03
4.1100000000e+02 9.5385888117857746e-03 9.7188323611577913e-03
4.1454000000e+02 9.4909214324580393e-03 9.6134596760102456e-03
4.1812000000e+02 9.3263615333465839e-03 7.8564698944365800e-03
4.2174000000e+02 9.2463803286976752e-03 8.3233970387893569e-03
4.2538000000e+02 9.2501897288416735e-03 9.4575317304520373e-03
4.2906000000e+02 9.1413641512599949e-03 9.5296615373884289e-03
4.3276000000e+02 9.0201274928624117e-03 8.7180240564515444e-03
4.3650000000e+02 9.0489870847859609e-03 9.4400433731782300e-03
4.4026000000e+02 8.8683239807113446e-03 7.9318011577544263e-03
4.4406000000e+02 8.8908253849878348e-03 9.7508376518036944e-03
4.4790000000e+02 8.8466280779444118e-03 1.0094064451701051e-02
4.5176000000e+02 8.7011096946393186e-03 8.1416724001101455e-03
4.5566000000e+02 8.6681320232624773e-03 7.7391211984565323e-03
4.5960000000e+02 8.5302773619853143e-03 8.3191678922981127e-03
4.6358000000e+02 8.5308830596029124e-03 8.9899721097586108e-03
4.6758000000e+02 8.3926988460240291e-03 7.8392365077733783e-03
4.7162000000e+02 8.3501512041090561e-03 8.4546077906531535e-03
4.7568000000e+02 8.3201908538742299e-03 9.2882313953184682e-03
4.7980000000e+02 8.1473830108783670e-03 6.1673172070746017e-03
4.8394000000e+02 8.1606595643818319e-03 7.5067599982130912e-03
4.8812000000e+02 8.0970474451245271e-03 9.2016681880462883e-03
4.9232000000e+02 7.9982213405082984e-03 8.2631927620048264e-03
4.9658000000e+02 8.0074071998377100e-03 8.7927863218445809e-03
5.0086000000e+02 7.8711616938981887e-03 7.6094417092144265e-03
5.0520000000e+02 7.7193761666968464e-03 5.8840257369488693e-03
5.0956000000e+02 7.7381767672451791e-03 8.6449127983339504e-03
5.1396000000e+02 7.7395821585944033e-03 8.3608972698244639e-03
5.1840000000e+02 7.6464857733554523e-03 7.9070955666548978e-03
5.2288000000e+02 7.5371136377485526e-03 7.7584645417536208e-03
5.2738000000e+02 7.4725993478284144e-03 7.6475071425722938e-03
5.3194000000e+02 7.3959125823072625e-03 6.8834084560479005e-03
5.3654000000e+02 7.2994717652689004e-03 6.1015182696044501e-03
5.4116000000e+02 7.3258311986507067e-03 8.1735579179086845e-03
5.4584000000e+02 7.2204211863958756e-03 5.9344197221518711e-03
5.5056000000e+02 7.1744082464677171e-03 7.3769276090073378e-03
5.5530000000e+02 7.1294982543810143e-03 7.2153844016327531e-03
5.6010000000e+02 7.0323956175717545e-03 5.9530623060418918e-03
5.6494000000e+02 7.0076231442073927e-03 7.8261886154071710e-03
5.6982000000e+02 6.8892881336345534e-03 5.3479239183840347e-03
5.7474000000e+02 6.8998007945884118e-03 7.8742264246464497e-03
5.7970000000e+02 6.8115024979392078e-03 6.3281281850115431e-03
5.8470000000e+02 6.8350827285140756e-03 7.2973242082967861e-03
5.8976000000e+02 6.7567692094582243e-03 7.7550251634082917e-03
5.9484000000e+02 6.5973166836767417e-03 4.7671953171967204e-03
5.9998000000e+02 6.5806578941728679e-03 7.3739482105240600e-03
6.0516000000e+02 6.5344672153852283e-03 6.8695939213650730e-03
6.1038000000e+02 6.4828828821773474e-03 6.3273412198859491e-03
6.1566000000e+02 6.3824369306123840e-03 5.7283752567472875e-03
6.2098000000e+02 6.3980021641784493e-03 7.7053134434313360e-03
6.2634000000e+02 6.2815756967567644e-03 5.5646264170586112e-03
6.3174000000e+02 6.2379824731822230e-03 5.6303447177288310e-03
6.3720000000e+02 6.2411646378618575e-03 6.8571691993048276e-03
6.4270000000e+02 6.1480069558491638e-03 6.6029721393720915e-03
6.4826000000e+02 6.1026515691111807e-03 6.6547127094602389e-03
6.5384000000e+02 5.9880945499816820e-03 4.7738782197485584e-03
6.5950000000e+02 5.9724421095471115e-03 5.1184985288606419e-03
6.6518000000e+02 5.9602264605785578e-03 6.2589549954455009e-03
6.7094000000e+02 5.8721933068827496e-03 5.5821667802665540e-03
6.7672000000e+02 5.8831060037198915e-03 6.4491766792818643e-03
6.8258000000e+02 5.8554257860211744e-03 7.2683894350972292e-03
6.8846000000e+02 5.7245879883382990e-03 5.2366921439576542e-03
6.9440000000e+02 5.6693814812936224e-03 5.1908820396938393e-03
7.0040000000e+02 5.6532869931853712e-03 5.5100248493611982e-03
7.0646000000e+02 5.6137156317663866e-03 5.6258411184627556e-03
7.1256000000e+02 5.5276526826766930e-03 4.8180820332573964e-03
7.1870000000e+02 5.4862679043863024e-03 4.9236581798903171e-03
7.2492000000e+02 5.4625135365379308e-03 5.7930408583486484e-03
7.3118000000e+02 5.4104542658675973e-03 5.5394872206684185e-03
7.3748000000e+02 5.3493660486435852e-03 4.8723258332381740e-03
7.4386000000e+02 5.2905502141766285e-03 4.7530688943082152e-03
7.5028000000e+02 5.2749977800995544e-03 5.2844109462023576e-03
7.5676000000e+02 5.2661871830967195e-03 5.7235689557459729e-03
7.6328000000e+02 5.2159151603761549e-03 5.7762907653986905e-03
7.6988000000e+02 5.1833461713541099e-03 6.1419683638796671e-03
7.7652000000e+02 5.1051482607980588e-03 5.3578713913882223e-03
7.8324000000e+02 5.0523058764117479e-03 4.9517026076066686e-03
7.9000000000e+02 5.0624842404830058e-03 5.4483419980673091e-03
7.9682000000e+02 4.9677430888212040e-03 4.8285540332004221e-03
8.0370000000e+02 4.9331334198224764e-03 5.4833284416937033e-03
8.1064000000e+02 4.9113158413356603e-03 5.2209693363413226e-03
8.1764000000e+02 4.8126103439354705e-03 4.0779241375335298e-03
8.2470000000e+02 4.8451082547199022e-03 5.6814606366851882e-03
8.3182000000e+02 4.7453098097237816e-03 4.7534453063001044e-03
8.3900000000e+02 4.7778785307503709e-03 4.9636376624407792e-03
8.4624000000e+02 4.6892765210958670e-03 4.8433589915408415e-03
8.5356000000e+02 4.6731026897068413e-03 4.8022195910370942e-03
8.6092000000e+02 4.6205370583208855e-03 4.1340724894459811e-03
8.6836000000e+02 4.5688305458070179e-03 4.6894837220583640e-03
8.7586000000e+02 4.5303922995669444e-03 4.0500287628963535e-03
8.8342000000e+02 4.5286571490484786e-03 5.0799017463620932e-03
8.9104000000e+02 4.5070648393487778e-03 5.1005336984421678e-03
8.9874000000e+02 4.4543922669336832e-03 4.8006267751835273e-03
9.0650000000e+02 4.3922841877635649e-03 4.0107733261656453e-03
9.1434000000e+02 4.3434213234344026e-03 4.4784165728403644e-03
9.2222000000e+02 4.3165489281518001e-03 4.5045016116861420e-03
9.3018000000e+02 4.2835823768233939e-03 4.5558005336755391e-03
9.3822000000e+02 4.2600588795636378e-03 4.2178451377694317e-03
9.4632000000e+02 4.2725043714062832e-03 5.3062994957894264e-03
9.5450000000e+02 4.1994803737848401e-03 4.1436726012505261e-03
9.6274000000e+02 4.1187072642911741e-03 3.3238804448427026e-03
9.7104000000e+02 4.1038777663446888e-03 4.3736151949218547e-03
9.7944000000e+02 4.1049800464186947e-03 4.4313097450483811e-03
9.8790000000e+02 4.0324260178419601e-03 3.8823084132752544e-03
9.9642000000e+02 3.9937144860194970e-03 3.4098063310536880e-03
1.0050200000e+03 4.0145615816904318e-03 4.8055816794852118e-03
1.0137000000e+03 3.9271171085107862e-03 3.7715607028300053e-03
1.0224600000e+03 3.9132344715224650e-03 4.2409308997679689e-03
1.0312800000e+03 3.8565673375049389e-03 3.1478846131754558e-03
1.0402000000e+03 3.8282733644165747e-03 3.6612049128705200e-03
1.0491800000e+03 3.8156076460279529e-03 3.5775642626641882e-03
1.0582400000e+03 3.8062604995506314e-03 3.9720794268294267e-03
1.0673800000e+03 3.7548560754271073e-03 4.2340552903848026e-03
1.0765800000e+03 3.6819181983353123e-03 3.1542733769520390e-03
1.0858800000e+03 3.6607062428637184e-03 3.2149457298874112e-03
1.0952600000e+03 3.6471743385218785e-03 3.6996346762341752e-03
1.1047200000e+03 3.6097513900815907e-03 3.3335716071731438e-03
1.1142600000e+03 3.5683815845649110e-03 2.8954454118498524e-03
1.1238800000e+03 3.5283171471985021e-03 3.0538191117979404e-03
1.1335800000e+03 3.5073608479643690e-03 3.6079693470698914e-03
1.1433800000e+03 3.5058700625673332e-03 4.1828515720503372e-03
1.1532400000e+03 3.4867463630019213e-03 3.9814437596592585e-03
1.1632000000e+03 3.4190457006583082e-03 3.0326726384190148e-03
1.1732400000e+03 3.4048793142509651e-03 3.1307253466795527e-03
1.1833800000e+03 3.3856463743162381e-03 3.3131119078790242e-03
1.1936000000e+03 3.3267020661642910e-03 3.0646462581329775e-03
1.2039000000e+03 3.3214099136369812e-03 3.0724674582065094e-03
1.2143000000e+03 3.2959184950350625e-03 3.3627626064532757e-03
1.2247800000e+03 3.2424518343947472e-03 2.9219587267666305e-03
1.2353600000e+03 3.2419635880702683e-03 2.9434637240612462e-03
1.2460200000e+03 3.2272976748712492e-03 3.4810443656031528e-03
1.2567800000e+03 3.1577681381235170e-03 2.5931151265227866e-03
1.2676400000e+03 3.1402596758714645e-03 3.2181879009741650e-03
1.2785800000e+03 3.1086899326761589e-03 2.9297807926961838e-03
1.2896200000e+03 3.0820979091799100e-03 3.0868310835596565e-03
1.3007600000e+03 3.0589545307678776e-03 2.7152252486304178e-03
1.3120000000e+03 3.0480847964418681e-03 2.9031250473490755e-03
1.3233200000e+03 3.0376863094662468e-03 3.6204822489598644e-03
1.3347400000e+03 3.0032285051006568e-03 3.0348967787257692e-03
1.3462800000e+03 2.9462531674045015e-03 2.0661935425089345e-03
1.3579000000e+03 2.9482704336769331e-03 2.9707364137357981e-03
1.3696200000e+03 2.9370535212804717e-03 3.1868646707171322e-03
1.3814600000e+03 2.8784548891627451e-03 2.4748348917471644e-03
1.3933800000e+03 2.8705764295311408e-03 2.7162860727274829e-03
1.4054200000e+03 2.8508694103940259e-03 2.5101545105866985e-03
1.4175400000e+03 2.8202660099313883e-03 2.7869801688429289e-03
1.4297800000e+03 2.8038506185905292e-03 2.3753943551344998e-03
1.4421400000e+03 2.7881978448793779e-03 2.6721543661416452e-03
1.4545800000e+03 2.7722242961748414e-03 2.7237449824698864e-03
1.4671400000e+03 2.7554574794126565e-03 2.7014671481050308e-03
1.4798200000e+03 2.7309322888244888e-03 2.8942262224003422e-03
1.4926000000e+03 2.7026874326927875e-03 2.6732762121826244e-03
1.5054800000e+03 2.6780420403337822e-03 2.6942470838830735e-03
1.5184800000e+03 2.6362791077768886e-03 2.7496738732582810e-03
1.5316000000e+03 2.6302627711045396e-03 2.7429183492079759e-03
1.5448200000e+03 2.6133346739737637e-03 2.6060506673336119e-03
1.5581600000e+03 2.5681460734580672e-03 2.5345151232359095e-03
1.5716200000e+03 2.5646745550520328e-03 2.3881663835394404e-03
1.5851800000e+03 2.5228032951425468e-03 2.1153986329986211e-03
1.5988800000e+03 2.5070061934689995e-03 2.4940176240352109e-03
1.6126800000e+03 2.4981381909848248e-03 2.2829134492216596e-03
1.6266000000e+03 2.4946824799279700e-03 2.9803898011222961e-03
1.6406600000e+03 2.4614650727246236e-03 2.4355847871716007e-03
1.6548200000e+03 2.4437759350237403e-03 2.6022495187840297e-03
1.6691000000e+03 2.4120295708347748e-03 2.4188889194394804e-03
1.6835200000e+03 2.4032424117187241e-03 2.4870652757544285e-03
1.6980600000e+03 2.3717164942358288e-03 2.5284377947714385e-03
1.7127200000e+03 2.3363801041877343e-03 2.4077403087417342e-03
1.7275000000e+03 2.3288800237716467e-03 2.1684643878545373e-03
1.7424200000e+03 2.2994611325732740e-03 2.1062768528894412e-03
1.7574800000e+03 2.2970461766236606e-03 2.4748567851323013e-03
1.7726400000e+03 2.2538589596646568e-03 1.9218244210439323e-03
1.7879600000e+03 2.2583934268529051e-03 2.4439109569888238e-03
1.8034000000e+03 2.2543221082106839e-03 2.5012869331358326e-03
1.8189600000e+03 2.2308263062875938e-03 2.6238982941045410e-03
1.8346800000e+03 2.1989231964615508e-03 2.1120600542933205e-03
1.8505200000e+03 2.1789481985960532e-03 2.2199945140997019e-03
1.8665000000e+03 2.1596856829040347e-03 1.8984185517983115e-03
1.8826200000e+03 2.1493207594070148e-03 2.3338193488820261e-03
1.8988600000e+03 2.1210591263227368e-03 2.4572412967634231e-03
1.9152600000e+03 2.1041549572894764e-03 1.9394042544319283e-03
1.9318000000e+03 2.0813090325084564e-03 1.9049785891301191e-03
1.9484800000e+03 2.0844241995438121e-03 2.4190133115036764e-03
1.9653000000e+03 2.0432348969651342e-03 2.0256703087850603e-03
1.9822800000e+03 2.0324526448958656e-03 2.1668059969115407e-03
1.9994000000e+03 2.0203731810874070e-03 1.9491197136455281e-03
2.0166600000e+03 2.0212344600300147e-03 2.4692429907257024e-03
2.0340800000e+03 1.9955448318866391e-03 2.1652848941006381e-03
2.0516400000e+03 1.9756217238767011e-03 2.1062184325417893e-03
2.0693600000e+03 1.9468294052159599e-03 2.0741149359038893e-03
2.0872200000e+03 1.9409377380112250e-03 2.1925805027309788e-03
2.1052400000e+03 1.9102837981311979e-03 1.6658175285443470e-03
2.1234200000e+03 1.8854177152683375e-03 1.6312875664573684e-03
2.1417600000e+03 1.8789255395559106e-03 1.7692623544730023e-03
2.1602600000e+03 1.8704896477312978e-03 1.7108333627210716e-03
2.1789000000e+03 1.8572840422622805e-03 1.8447753537757816e-03
2.1977200000e+03 1.8368846626988875e-03 1.9528905853523439e-03
2.2167000000e+03 1.8140502741275113e-03 1.7207877942561954e-03
2.2358400000e+03 1.8176360443085593e-03 2.1286156705379480e-03
2.2551400000e+03 1.7966566188583086e-03 1.8687943319150280e-03
2.2746200000e+03 1.7656122381803602e-03 1.5500722460558686e-03
2.2942600000e+03 1.7766204837472495e-03 2.1501787628180015e-03
2.3140800000e+03 1.7332237319850304e-03 1.5826051076704190e-03
2.3340600000e+03 1.7281800832220280e-03 1.5014927774546854e-03
2.3542200000e+03 1.7269284887425204e-03 1.8953494414421235e-03
2.3745400000e+03 1.7053279223488448e-03 1.8649278865429189e-03
2.3950400000e+03 1.6873938457071978e-03 1.6925349085161762e-03
2.4157200000e+03 1.6907442817592506e-03 2.1205688133877059e-03
2.4365800000e+03 1.6729493663292039e-03 2.0608275581382490e-03
2.4576200000e+03 1.6321144496030775e-03 1.5005507453102656e-03
2.4788400000e+03 1.6317712220527227e-03 1.5535149250395057e-03
2.5002600000e+03 1.6043897716327966e-03 1.2491712252948625e-03
2.5218400000e+03 1.6081582855157080e-03 1.4773526614704877e-03
2.5436200000e+03 1.5923284071523206e-03 1.5975634212499748e-03
2.5655800000e+03 1.5781040657126583e-03 1.5130245267056313e-03
2.5877400000e+03 1.5682673637853152e-03 1.5734717213199707e-03
2.6100800000e+03 1.5585736309091274e-03 1.8256458378255965e-03
2.6326200000e+03 1.5381752101943803e-03 1.4822828208547005e-03
2.6553600000e+03 1.5167685055457903e-03 1.4484682432368903e-03
2.6782800000e+03 1.5100095439167900e-03 1.6308700866786970e-03
2.7014000000e+03 1.4979167197258982e-03 1.2976683859519497e-03
2.7247400000e+03 1.4811101116492245e-03 1.5603771739332909e-03
2.7482600000e+03 1.4614461778335742e-03 1.3516960857115070e-03
2.7720000000e+03 1.4487293302686652e-03 1.3941242191853622e-03
2.7959200000e+03 1.4438732651880447e-03 1.5586789813956128e-03
2.8200800000e+03 1.4447255196850649e-03 1.6177072420908282e-03
2.8444200000e+03 1.4057954796656113e-03 1.1122545222862722e-03
2.8689800000e+03 1.4202367680776254e-03 1.5501759077432699e-03
2.8937600000e+03 1.3889766875838725e-03 1.2989825755828836e-03
2.9187400000e+03 1.3778764947533515e-03 1.2721165130207433e-03
2.9439400000e+03 1.3665996936129171e-03 1.2690968453034561e-03
2.9693800000e+03 1.3597252604512816e-03 1.4364498286885770e-03
2.9950200000e+03 1.3559491351056996e-03 1.3476329416064400e-03
3.0208800000e+03 1.3333422787328436e-03 1.1276636763172521e-03
3.0469600000e+03 1.3354612453142913e-03 1.5639849763221000e-03
3.0732600000e+03 1.3072163083183118e-03 1.1318651730890385e-03
3.0998000000e+03 1.3113332345304123e-03 1.2955722076735559e-03
3.1265800000e+03 1.2961860868588222e-03 1.3775458931498969e-03
3.1535800000e+03 1.2775989301228026e-03 1.1911089863728280e-03
3.1808000000e+03 1.2615669727117672e-03 1.0965363209049376e-03
3.2082600000e+03 1.2663598863896475e-03 1.2485189684544222e-03
3.2359800000e+03 1.2406594467546297e-03 1.1092508683342357e-03
3.2639200000e+03 1.2454363971992574e-03 1.3376835534049357e-03
3.2921000000e+03 1.2407808662507091e-03 1.3788685121387074e-03
3.3205200000e+03 1.2265361774246026e-03 1.2467103826685399e-03
3.3492000000e+03 1.2061042071351328e-03 1.0666684970630294e-03
3.3781200000e+03 1.1957582741032482e-03 1.2109244107169847e-03
3.4072800000e+03 1.1994016131799336e-03 1.2850163284054165e-03
3.4367200000e+03 1.1789602490013219e-03 1.2089393894724504e-03
3.4663800000e+03 1.1609944312209043e-03 1.0207101937533638e-03
3.4963200000e+03 1.1525946318079901e-03 1.0670090585323255e-03
3.5265000000e+03 1.1478486518712789e-03 1.1578681555955142e-03
3.5569600000e+03 1.1440674993287467e-03 1.2493009528598408e-03
3.5876800000e+03 1.1309931438852200e-03 1.1978444475921439e-03
3.6186600000e+03 1.1331431163471761e-03 1.3979151180137403e-03
3.6499000000e+03 1.1145382975060708e-03 1.2698438575359122e-03
3.6814200000e+03 1.1021670960594714e-03 1.1285159905824000e-03
3.7132000000e+03 1.0879882067390632e-03 8.8188625051902915e-04
3.7452800000e+03 1.0880913231450769e-03 1.2013715199095879e-03
3.7776200000e+03 1.0699620900453755e-03 1.0950409875827407e-03
3.8102400000e+03 1.0630175921294079e-03 1.0216184135901124e-03
3.8431400000e+03 1.0606214642156172e-03 1.1168770614525298e-03
3.8763200000e+03 1.0526333485031860e-03 1.0908964656341966e-03
3.9098000000e+03 1.0409984418788655e-03 1.1790640985696443e-03
3.9435600000e+03 1.0312417265566872e-03 1.1800629015609528e-03
3.9776000000e+03 1.0173447290261687e-03 1.0518720611986999e-03
4.0119600000e+03 1.0184801592219999e-03 1.0952926891255378e-03
4.0466000000e+03 1.0109237166060904e-03 1.0629433102647583e-03
4.0815400000e+03 9.9486895792777041e-04 9.0566171075225576e-04
4.1167800000e+03 9.8204371061205871e-04 1.0774941142686787e-03
4.1523200000e+03 9.8497214823768881e-04 1.0163231013100207e-03
4.1881800000e+03 9.6734701727466891e-04 9.5777904608302039e-04
4.2243400000e+03 9.5720770314310457e-04 1.0116008775162269e-03
4.2608200000e+03 9.4671965498536125e-04 7.4965999685318665e-04
4.2976200000e+03 9.5236733419055931e-04 1.0110605229614739e-03
4.3347200000e+03 9.3264064622076732e-04 8.7514512786736657e-04
4.3721600000e+03 9.2559153500671712e-04 7.4225056121050501e-04
4.4099200000e+03 9.1999536469663504e-04 8.1577703278858061e-04
4.4480000000e+03 9.1322445146908046e-04 8.8568999926469296e-04
4.4864000000e+03 8.9874508760102415e-04 7.4248824106687742e-04
4.5251400000e+03 8.9927880484440682e-04 9.3852916973955858e-04
4.5642200000e+03 8.9315218375237294e-04 9.2283479533414585e-04
4.6036200000e+03 8.8475869818761615e-04 8.3729259916679680e-04
4.6433800000e+03 8.8283214350802107e-04 1.0421837835730685e-03
4.6834800000e+03 8.5967593739491751e-04 7.3351115238809211e-04
4.7239200000e+03 8.6850469477128323e-04 1.0233981194357350e-03
4.7647000000e+03 8.6092672736399502e-04 9.8290375428055168e-04
4.8058600000e+03 8.5005570682378023e-04 8.8212761531687809e-04
4.8473600000e+03 8.3769310929870759e-04 8.4613550673411715e-04
4.8892000000e+03 8.3009854494633885e-04 8.0287026711046571e-04
4.9314200000e+03 8.2277257139499430e-04 8.4524225698590126e-04
4.9740000000e+03 8.1636469825045396e-04 8.4051732499488239e-04
5.0169600000e+03 8.1071345313939299e-04 8.5108809440194260e-04
5.0602800000e+03 8.1024782451541541e-04 9.4662379917859348e-04
5.1039800000e+03 7.9918383121008662e-04 9.0184712705045512e-04
5.1480400000e+03 7.9163691672866788e-04 7.5177420439326444e-04
5.1925000000e+03 7.8480496854363251e-04 7.4371544105316604e-04
5.2373400000e+03 7.7308033804509213e-04 7.2054782773467733e-04
5.2825600000e+03 7.7300770359946030e-04 7.8287834679608933e-04
5.3281800000e+03 7.6772760641177459e-04 7.2421496126468139e-04
5.3741800000e+03 7.5833393392419019e-04 7.3028814172294431e-04
5.4206000000e+03 7.4546845070432521e-04 6.3822840054096662e-04
5.4674000000e+03 7.4602599612415721e-04 6.6008969441102607e-04
5.5146200000e+03 7.4057220989022271e-04 7.2237459114622054e-04
5.5622400000e+03 7.3613822129371047e-04 8.7121598502170293e-04
5.6102600000e+03 7.2081317479298439e-04 6.7434071306190092e-04
5.6587000000e+03 7.2069666403216785e-04 7.4882814894116669e-04
5.7075600000e+03 7.1642940335370664e-04 8.3157307985171221e-04
5.7568600000e+03 7.0487315946062999e-04 7.3169809806360587e-04
5.8065600000e+03 7.0434241903571493e-04 7.4874375026539003e-04
5.8567000000e+03 6.9620031965069178e-04 7.3628380620585035e-04
5.9072800000e+03 6.8800024687439877e-04 6.4248849181242659e-04
5.9582800000e+03 6.8917220661156807e-04 7.2684761637497523e-04
6.0097400000e+03 6.7393564438031741e-04 6.5217770372356357e-04
6.0616200000e+03 6.6830248728101053e-04 6.0743276445049572e-04
6.1139800000e+03 6.6339078849919099e-04 6.0359903667838442e-04
6.1667600000e+03 6.6102802232492601e-04 5.6958360481316941e-04
6.2200200000e+03 6.5893669643604809e-04 7.7806085717186150e-04
6.2737200000e+03 6.5219832411753879e-04 6.9391776906000324e-04
6.3279000000e+03 6.4574760297617779e-04 6.7494400395645736e-04
6.3825400000e+03 6.4230608821734276e-04 6.9304218603898559e-04
6.4376600000e+03 6.3276156425647121e-04 6.3341659008366404e-04
6.4932400000e+03 6.3065934607308056e-04 6.8073135425484037e-04
6.5493200001e+03 6.2011011304625703e-04 6.4162120906465902e-04
6.6058600001e+03 6.1655250851732268e-04 5.6227239459095643e-04
6.6629000001e+03 6.0615724684665723e-04 5.4078763683892256e-04
6.7204400001e+03 6.0913941350456140e-04 6.3238391641336320e-04
6.7784800001e+03 5.9846190172154607e-04 6.1118808729553899e-04
6.8370000001e+03 5.9537218526309571e-04 6.3802596850534913e-04
6.8960400001e+03 5.9323064395402068e-04 6.3306032881157547e-04
6.9556000001e+03 5.9025901866528144e-04 6.5183234643372370e-04
7.0156600001e+03 5.8294681029880167e-04 6.0667347012532871e-04
7.0762400001e+03 5.7343371732135654e-04 5.1173920092639779e-04
7.1373400001e+03 5.7461679733548704e-04 5.6770693700560035e-04
7.1989600001e+03 5.6962139708917185e-04 5.8623764598783319e-04
7.2611400001e+03 5.6039205250284435e-04 5.2346462006992516e-04
7.3238400001e+03 5.5867320397421109e-04 5.0927422275305026e-04
7.3870800001e+03 5.5264118891188904e-04 5.7318220770179033e-04
7.4508600001e+03 5.4561733934646898e-04 5.5593551790647207e-04
7.5152000001e+03 5.4045426162426880e-04 4.4254537773928741e-04
7.5801000001e+03 5.3597052586866782e-04 4.6847190415529944e-04
7.6455400001e+03 5.3552068155144456e-04 5.4565209198498158e-04
7.7115600001e+03 5.2899789922382530e-04 5.6679612011121042e-04
7.7781600001e+03 5.2505729534641984e-04 4.5477223585626214e-04
7.8453200001e+03 5.1882848525607636e-04 5.8536577929801242e-04
7.9130600001e+03 5.1299310427116614e-04 4.8768694847284202e-04
7.9814000001e+03 5.1149658320733449e-04 5.7449997069646485e-04
8.0503200001e+03 5.0501675404051726e-04 4.8305420071064511e-04
8.1198200001e+03 5.0220232593298935e-04 5.5657461791992118e-04
8.1899400001e+03 4.9900906622270811e-04 4.8221311871331674e-04
8.2606600001e+03 4.9167660535394766e-04 4.5800563153579056e-04
8.3320000001e+03 4.8954126147393801e-04 4.5036634207167703e-04
8.4039400001e+03 4.8315289024252167e-04 4.6457995213491660e-04
8.4765000001e+03 4.8057029433264191e-04 5.1057404512517429e-04
8.5497000001e+03 4.7785957448119847e-04 5.3647712943882939e-04
8.6235200001e+03 4.6780192211805124e-04 3.4047731271041702e-04
8.6980000001e+03 4.6718137051446692e-04 4.8884733318230362e-04
8.7731000001e+03 4.6739248243363581e-04 4.9319499799870480e-04
8.8488600001e+03 4.6119138605470042e-04 3.8307796361383776e-04
8.9252600001e+03 4.5635866028693095e-04 4.4466691121311297e-04
9.0023400001e+03 4.5081523920760958e-04 4.3049414366571644e-04
9.0800800001e+03 4.5106197752870772e-04 5.1229097826987373e-04
9.1584800001e+03 4.4422038378954338e-04 4.0161221411312131e-04
9.2375600001e+03 4.3850038162444849e-04 3.9453422202692944e-04
9.3173200001e+03 4.4023690586855513e-04 4.6412685530356493e-04
9.3977800001e+03 4.3735114248424185e-04 5.1851685510843708e-04
9.4789400001e+03 4.3066011946476401e-04 4.3694407136403245e-04
9.5607800001e+03 4.2678046968417814e-04 4.0314427407268038e-04
9.6433400001e+03 4.2114881556546714e-04 3.8218948030476179e-04
9.7266200001e+03 4.1960536329868181e-04 4.1240948796472383e-04
9.8106000001e+03 4.1375903641145152e-04 4.0179425583531568e-04
9.8953200001e+03 4.1423021639311011e-04 4.0734343783343271e-04
9.9807600001e+03 4.0914814428638505e-04 3.9662595260530915e-04
1.0066940000e+04 4.0809152411816675e-04 4.8304781445714719e-04
1.0153880000e+04 4.0674753059777161e-04 4.8958015448013581e-04
1.0241560000e+04 3.9559038268135495e-04 3.2594635752914521e-04
1.0330000000e+04 3.9526372689079156e-04 4.3253295387697655e-04
1.0419200000e+04 3.9471926419648053e-04 4.2997785655682547e-04
1.0509160000e+04 3.9055585644615960e-04 3.8982315406055508e-04
1.0599900000e+04 3.8354423492656441e-04 3.4234914362993123e-04
1.0691440000e+04 3.8154806332257185e-04 4.2482109887391348e-04
1.0783760000e+04 3.8198223073870999e-04 4.4662011664281639e-04
1.0876880000e+04 3.7755833973978330e-04 4.2089496360292911e-04
1.0970800000e+04 3.6956920778705952e-04 3.2360097316329805e-04
1.1065540000e+04 3.6939409480071648e-04 4.1694703151069209e-04
1.1161080000e+04 3.6862253130593418e-04 4.1868114711531040e-04
1.1257460000e+04 3.6661795431298320e-04 4.0986614873296864e-04
1.1354660000e+04 3.5726002564973969e-04 2.7871037001432755e-04
1.1452720000e+04 3.5829297501025425e-04 4.1839722539584271e-04
1.1551600000e+04 3.5292842596588932e-04 3.3437159751009297e-04
1.1651360000e+04 3.4840992639967474e-04 3.1560705803322040e-04
1.1751960000e+04 3.4807587246914499e-04 3.6330813764514399e-04
1.1853440000e+04 3.4150244280294756e-04 2.6695685421525240e-04
1.1955800000e+04 3.4107728500249498e-04 3.4812212201484915e-04
1.2059040000e+04 3.4095814398170084e-04 3.9794239573536817e-04
1.2163160000e+04 3.3633160120345571e-04 3.5898387756747610e-04
1.2268200000e+04 3.3263399960520551e-04 3.2250875499730583e-04
1.2374140000e+04 3.2910717833698096e-04 3.3060051146655104e-04
1.2480980000e+04 3.2813979028308823e-04 2.8855558033642553e-04
1.2588760000e+04 3.2293322622469736e-04 2.8160550030377149e-04
1.2697460000e+04 3.2297342653841120e-04 3.2604020805561146e-04
1.2807100000e+04 3.1829505992221060e-04 3.1544051173253455e-04
1.2917700000e+04 3.1601010110266230e-04 2.9147526608291798e-04
1.3029240000e+04 3.1157201209641922e-04 2.7176915029150639e-04
1.3141740000e+04 3.1139238415292222e-04 3.3447185887717807e-04
1.3255220000e+04 3.0629112114802904e-04 2.9443925470173921e-04
1.3369680000e+04 3.0788836718849150e-04 3.4100842238336153e-04
1.3485140000e+04 3.0456849270426949e-04 3.1716771235023743e-04
1.3601580000e+04 3.0221795204692385e-04 3.2207183316179634e-04
1.3719020000e+04 2.9605544442533902e-04 2.6365304888448585e-04
1.3837500000e+04 2.9502480081826810e-04 3.2627462099806513e-04
1.3956980000e+04 2.9398143532659478e-04 2.5374169441726629e-04
1.4077500000e+04 2.8846195687851821e-04 2.4283597127190039e-04
1.4199060000e+04 2.8633496807010689e-04 2.6283463530217088e-04
1.4321660000e+04 2.8561306905887352e-04 2.5438574527811308e-04
1.4445340000e+04 2.8076600238669246e-04 2.1162866786007188e-04
1.4570080000e+04 2.7763813123317691e-04 2.0847901732326342e-04
1.4695880000e+04 2.7896632976952545e-04 2.6188652231228193e-04
1.4822780000e+04 2.7472948877353405e-04 2.4111045779881437e-04
1.4950780000e+04 2.7345440989877000e-04 2.7862825324753281e-04
1.5079880000e+04 2.6928932951476739e-04 2.0030087805807204e-04
1.5210100000e+04 2.7081480965089350e-04 2.9857739340095088e-04
1.5341440000e+04 2.6928776528970194e-04 3.4075806788955496e-04
1.5473900000e+04 2.6591606424647592e-04 2.8579261450601524e-04
1.5607520000e+04 2.6269701387565664e-04 2.9495636392085729e-04
1.5742300000e+04 2.6029144831078873e-04 2.3974413939802723e-04
1.5878240000e+04 2.5765987597638397e-04 2.3732554202803593e-04
1.6015340000e+04 2.5731569494043889e-04 2.6519287559787869e-04
1.6153640000e+04 2.5282866259305863e-04 2.2681532856980502e-04
1.6293120000e+04 2.5212264675058947e-04 2.2848121257577496e-04
1.6433820000e+04 2.5144256021347001e-04 2.8395635455632845e-04
1.6575720000e+04 2.4915572444318218e-04 2.9575248252402305e-04
1.6718840000e+04 2.4480777962963986e-04 2.2452596084436425e-04
1.6863220000e+04 2.4454650817603147e-04 2.9516826116381145e-04
1.7008840000e+04 2.4095941001010685e-04 2.6820518912432502e-04
1.7155700000e+04 2.3633237962662304e-04 1.6300316315614029e-04
1.7303840000e+04 2.3679894813626533e-04 2.2361072405337906e-04
1.7453260000e+04 2.3555335985911703e-04 2.1771102614658516e-04
1.7603980000e+04 2.3094626687100511e-04 2.0114419638121259e-04
1.7755980000e+04 2.3073830858850888e-04 2.2194451395431529e-04
1.7909300000e+04 2.2986536570662432e-04 2.7015308626337619e-04
1.8063960000e+04 2.2717540158870056e-04 2.3194060044818052e-04
1.8219940000e+04 2.2309046461242848e-04 1.7652758176729506e-04
1.8377260000e+04 2.2281623938015638e-04 2.2788339217309127e-04
1.8535960000e+04 2.2167858201001321e-04 2.2717109681094286e-04
1.8696020000e+04 2.1921420578109693e-04 2.1531144452902214e-04
1.8857460000e+04 2.1570046153161640e-04 1.6501649667706081e-04
1.9020280000e+04 2.1406307297955525e-04 1.8624509062529403e-04
1.9184520000e+04 2.1313584098520762e-04 2.1718626101992997e-04
1.9350180000e+04 2.1126168572284723e-04 2.1715018792194972e-04
1.9517280000e+04 2.0875967630468403e-04 2.1065075139690821e-04
1.9685800000e+04 2.0810498023608387e-04 1.9130357068651178e-04
1.9855800000e+04 2.0739000063095631e-04 2.1308514432921734e-04
2.0027240000e+04 2.0375356056782359e-04 1.8942038262829877e-04
2.0200180000e+04 2.0386001017540304e-04 2.1376951067440776e-04
2.0374620000e+04 2.0042930902015762e-04 1.9658178092996805e-04
2.0550540000e+04 2.0098948287422232e-04 2.2568464628362566e-04
2.0728000000e+04 1.9651156054176057e-04 1.7418345481652001e-04
2.0907000000e+04 1.9812269657585132e-04 2.6064137724672235e-04
2.1087520000e+04 1.9554410589166585e-04 2.0916268552139821e-04
2.1269620000e+04 1.9166955243136020e-04 1.7069530337970659e-04
2.1453280000e+04 1.9150189771611163e-04 1.7216609058882498e-04
2.1638520000e+04 1.8977194163877161e-04 1.8323305569047896e-04
2.1825380000e+04 1.8729124877125419e-04 2.0134195198098952e-04
2.2013840000e+04 1.8729256410290922e-04 1.8499012803346404e-04
2.2203920000e+04 1.8473875923201525e-04 1.8818987388308044e-04
2.2395660000e+04 1.8454607906655311e-04 2.0410178117235195e-04
2.2589040000e+04 1.8051815329334130e-04 1.4881217067936811e-04
2.2784100000e+04 1.8043920834966322e-04 1.7332065004370813e-04
2.2980840000e+04 1.7810827239934322e-04 1.6167516130485138e-04
2.3179280000e+04 1.7563453344978001e-04 1.3426775743568750e-04
2.3379440000e+04 1.7667058623002435e-04 1.8667188343527585e-04
2.3581320000e+04 1.7514642515051450e-04 1.7966168192925234e-04
2.3784940000e+04 1.7385553634639476e-04 1.7567316951054237e-04
2.3990340000e+04 1.7197797200267390e-04 1.7672945872998044e-04
2.4197480000e+04 1.6921239236803424e-04 1.4273645727155742e-04
2.4406440000e+04 1.6850729009778282e-04 1.9902402805862108e-04
2.4617180000e+04 1.6689902099800341e-04 1.6237296718266556e-04
2.4829760000e+04 1.6641117454501152e-04 1.9904740949071935e-04
2.5044160000e+04 1.6358309986755842e-04 1.7356644495128214e-04
2.5260420000e+04 1.6207155709783018e-04 1.6148989716469045e-04
2.5478540000e+04 1.6160467318909844e-04 1.6538932312559789e-04
2.5698540000e+04 1.5960213084803630e-04 1.4762970312058411e-04
2.5920460000e+04 1.5812492086347607e-04 1.4689299683712953e-04
2.6144280000e+04 1.5651964343364345e-04 1.5312142605072962e-04
2.6370040000e+04 1.5440271366817701e-04 1.3083721781702385e-04
2.6597740000e+04 1.5568257224137254e-04 1.7352663551847093e-04
2.6827420000e+04 1.5205290119272574e-04 1.1871225143122047e-04
2.7059060000e+04 1.5247775153506171e-04 1.4536650885575686e-04
2.7292720001e+04 1.5154286223369962e-04 1.6899296679909306e-04
2.7528400001e+04 1.4836654054737922e-04 1.3738802312197128e-04
2.7766100001e+04 1.4897556779455717e-04 1.6143077008306598e-04
2.8005860001e+04 1.4682805424810804e-04 1.3370924979483648e-04
2.8247700001e+04 1.4578399388982225e-04 1.4094210425570397e-04
2.8491620001e+04 1.4292290689318235e-04 1.1473835415001666e-04
2.8737640001e+04 1.4240480050518224e-04 1.3864260459871047e-04
2.8985800001e+04 1.4154718159524270e-04 1.4117147197101313e-04
2.9236080001e+04 1.4068398508876513e-04 1.3167991464147622e-04
2.9488540001e+04 1.4012081959679438e-04 1.4550730995779035e-04
2.9743180001e+04 1.3771629602386641e-04 1.4448621208176194e-04
3.0000000001e+04 1.3824744431021306e-04 1.6887737218781876e-04
