# t E S  (m=3 n=2 eps=0 alpha=1 mu=1 h=0.01 seed=1) BACD splitting
# S0=0
1.0000000000e+00 9.6945195871319156e-01 5.7121552758961214e-01
1.0100000000e+00 9.6606400566941886e-01 5.7802069226370778e-01
1.0200000000e+00 9.6261137993739698e-01 5.8467342477021345e-01
1.0300000000e+00 9.5909732789061264e-01 5.9116914322990044e-01
1.0400000000e+00 9.5552527100146611e-01 5.9750353334859874e-01
1.0500000000e+00 9.5189879439332470e-01 6.0367255652038776e-01
1.0600000000e+00 9.4822163470588849e-01 6.0967245724335051e-01
1.0700000000e+00 9.4449766734483787e-01 6.1549976982891974e-01
1.0800000000e+00 9.4073089318963754e-01 6.2115132438844867e-01
1.0900000000e+00 9.3692542483566210e-01 6.2662425208329986e-01
1.1000000000e+00 9.3308547244848894e-01 6.3191598962745155e-01
1.1100000000e+00 9.2921532930924744e-01 6.3702428303434322e-01
1.1200000000e+00 9.2531935713036839e-01 6.4194719060241479e-01
1.1300000000e+00 9.2140197122091028e-01 6.4668308513651573e-01
1.1400000000e+00 9.1746762557990436e-01 6.5123065540505509e-01
1.1500000000e+00 9.1352079799486663e-01 6.5558890683541804e-01
1.1600000000e+00 9.0956597522079607e-01 6.5975716145277730e-01
1.1700000000e+00 9.0560763831265967e-01 6.6373505706995228e-01
1.1800000000e+00 9.0165024818158401e-01 6.6752254573842373e-01
1.1900000000e+00 8.9769823144177452e-01 6.7111989147296125e-01
1.2000000000e+00 8.9375596661160261e-01 6.7452766726457614e-01
1.2100000000e+00 8.8982777072839547e-01 6.7774675139864815e-01
1.2200000000e+00 8.8591788643226321e-01 6.8077832309708763e-01
1.2300000000e+00 8.8203046956986086e-01 6.8362385750528454e-01
1.2400000000e+00 8.7816957736435097e-01 6.8628512004634412e-01
1.2500000000e+00 8.7433915719305166e-01 6.8876416016671937e-01
1.2600000000e+00 8.7054303600937821e-01 6.9106330449881948e-01
1.2700000000e+00 8.6678491044073991e-01 6.9318514946749321e-01
1.2800000000e+00 8.6306833758910639e-01 6.9513255336845758e-01
1.2900000000e+00 8.5939672655602561e-01 6.9690862794777175e-01
1.3000000000e+00 8.5577333070900918e-01 6.9851672951232902e-01
1.3100000000e+00 8.5220124070143555e-01 6.9996044960207660e-01
1.3200000000e+00 8.4868337825348972e-01 7.0124360525525864e-01
1.3300000000e+00 8.4522249069717614e-01 7.0237022889843015e-01
1.3400000000e+00 8.4182114628416427e-01 7.0334455789330019e-01
1.3600000000e+00 8.3520644163352231e-01 7.0485424119761808e-01
1.3700000000e+00 8.3199729081471296e-01 7.0539899666860284e-01
1.3800000000e+00 8.2885609779489444e-01 7.0581023702182144e-01
1.3900000000e+00 8.2578449116009978e-01 7.0609305774331876e-01
1.4000000000e+00 8.2278390772967303e-01 7.0625269113180544e-01
1.4200000000e+00 8.1700060136141683e-01 7.0622393733351019e-01
1.4300000000e+00 8.1421979904900854e-01 7.0604659077089948e-01
1.4400000000e+00 8.1151386481490206e-01 7.0576811387736071e-01
1.4500000000e+00 8.0888329327263109e-01 7.0539424229678027e-01
1.4600000000e+00 8.0632839789158783e-01 7.0493077597562737e-01
1.4800000000e+00 8.0144600585152270e-01 7.0375850808795304e-01
1.4900000000e+00 7.9911826502653094e-01 7.0306151973574571e-01
1.5000000000e+00 7.9686572129119093e-01 7.0229853941821330e-01
1.5200000000e+00 7.9258395175932894e-01 7.0059836582991153e-01
1.5300000000e+00 7.9055321091601771e-01 6.9967302658932340e-01
1.5400000000e+00 7.8859464872777663e-01 6.9870538113431346e-01
1.5600000000e+00 7.8488949361911864e-01 6.9666652044183108e-01
1.5700000000e+00 7.8314030002597590e-01 6.9560684385589322e-01
1.5800000000e+00 7.8145809677307954e-01 6.9452791799854474e-01
1.6000000000e+00 7.7828820549402322e-01 6.9233458166130069e-01
1.6100000000e+00 7.7679703855391669e-01 6.9123106928361222e-01
1.6200000000e+00 7.7536591764671858e-01 6.9013008590090907e-01
1.6400000000e+00 7.7267589764057387e-01 6.8795628496723205e-01
1.6500000000e+00 7.7141285685407446e-01 6.8689343839457795e-01
1.6700000000e+00 7.6903987869296886e-01 6.8483974615719645e-01
1.6800000000e+00 7.6792544252141726e-01 6.8385801447964856e-01
1.6900000000e+00 7.6685596590053229e-01 6.8291217359855660e-01
1.7100000000e+00 7.6484244146515479e-01 6.8114461637284207e-01
1.7200000000e+00 7.6389359741628482e-01 6.8033069402217738e-01
1.7400000000e+00 7.6209960361312212e-01 6.7886069976508723e-01
1.7500000000e+00 7.6124956072283434e-01 6.7821132609675361e-01
1.7700000000e+00 7.5963112623383067e-01 6.7709913441679137e-01
1.7800000000e+00 7.5885784493764152e-01 6.7664185209058048e-01
1.8000000000e+00 7.5737102441356652e-01 6.7593725402199833e-01
1.8100000000e+00 7.5665269181522521e-01 6.7569426620063811e-01
1.8300000000e+00 7.5525440182078629e-01 6.7543619717883485e-01
1.8500000000e+00 7.5389197234225436e-01 6.7549198135726474e-01
1.8600000000e+00 7.5321861988912597e-01 6.7564053766742671e-01
1.8800000000e+00 7.5187688615035742e-01 6.7618312263795088e-01
1.8900000000e+00 7.5120436509982613e-01 6.7657819882114556e-01
1.9100000000e+00 7.4984611251150268e-01 6.7761703267811657e-01
1.9300000000e+00 7.4845780153000274e-01 6.7898662926068676e-01
1.9400000000e+00 7.4774796998272997e-01 6.7979443693013286e-01
1.9600000000e+00 7.4628879874683940e-01 6.8165237989733996e-01
1.9800000000e+00 7.4476699854359774e-01 6.8382640185491328e-01
1.9900000000e+00 7.4397919097832410e-01 6.8502865830364645e-01
2.0100000000e+00 7.4234366818609110e-01 6.8765564434970350e-01
2.0300000000e+00 7.4062117810252426e-01 6.9056674771965176e-01
2.0500000000e+00 7.3880448088808626e-01 6.9374490648496057e-01
2.0600000000e+00 7.3785894384777828e-01 6.9542820242010261e-01
2.0800000000e+00 7.3589058009163710e-01 6.9897027334489237e-01
2.1000000000e+00 7.3381635530605094e-01 7.0272772175239695e-01
2.1200000000e+00 7.3163417533288810e-01 7.0667681909039859e-01
2.1400000000e+00 7.2934337281885087e-01 7.1079242153434086e-01
2.1500000000e+00 7.2815740785129701e-01 7.1290447392992506e-01
2.1700000000e+00 7.2570541564826685e-01 7.1722015675303630e-01
2.1900000000e+00 7.2314901116476860e-01 7.2163479981144174e-01
2.2100000000e+00 7.2049202934947842e-01 7.2612011927927356e-01
2.2300000000e+00 7.1773939121737418e-01 7.3064745351993332e-01
2.2500000000e+00 7.1489699247999527e-01 7.3518798876518354e-01
2.2700000000e+00 7.1197158304962593e-01 7.3971297911966150e-01
2.2900000000e+00 7.0897063965008067e-01 7.4419395930269872e-01
2.3100000000e+00 7.0590223390977624e-01 7.4860294868363297e-01
2.3300000000e+00 7.0277489838473728e-01 7.5291264532320146e-01
2.3500000000e+00 6.9959749295862372e-01 7.5709660889814367e-01
2.3700000000e+00 6.9637907399561827e-01 7.6112943155481716e-01
2.3900000000e+00 6.9312876848480387e-01 7.6498689590661906e-01
2.4100000000e+00 6.8985565521876047e-01 7.6864611955573947e-01
2.4300000000e+00 6.8656865480372176e-01 7.7208568567907476e-01
2.4500000000e+00 6.8327643001429972e-01 7.7528575936832356e-01
2.4700000000e+00 6.7998729769390021e-01 7.7822818955320838e-01
2.4900000000e+00 6.7670915307402790e-01 7.8089659646281961e-01
2.5100000000e+00 6.7344940705304401e-01 7.8327644469224167e-01
2.5400000000e+00 6.6860917364790051e-01 7.8627806829648561e-01
2.5600000000e+00 6.6542425658685411e-01 7.8788552421428171e-01
2.5800000000e+00 6.6227926367622014e-01 7.8916879608772772e-01
2.6000000000e+00 6.5917899775994904e-01 7.9012217742842594e-01
2.6200000000e+00 6.5612765883728186e-01 7.9074196176610367e-01
2.6500000000e+00 6.5165013280870532e-01 7.9104291895299772e-01
2.6700000000e+00 6.4873568039939844e-01 7.9082546752797800e-01
2.6900000000e+00 6.4588038367530465e-01 7.9027689881563712e-01
2.7200000000e+00 6.4171210631583797e-01 7.8884454931801140e-01
2.7400000000e+00 6.3901148982424927e-01 7.8749379624766580e-01
2.7600000000e+00 6.3637438734044272e-01 7.8583696575192041e-01
2.7900000000e+00 6.3253864835285378e-01 7.8280206700082666e-01
2.8100000000e+00 6.3006152141081440e-01 7.8043095844117882e-01
2.8400000000e+00 6.2646530592401195e-01 7.7638865199047324e-01
2.8600000000e+00 6.2414680188349636e-01 7.7339332590350107e-01
2.8800000000e+00 6.2189074015724444e-01 7.7017770789178142e-01
2.9100000000e+00 6.1862203324370824e-01 7.6498143479319691e-01
2.9300000000e+00 6.1651854651574267e-01 7.6129677540073382e-01
2.9600000000e+00 6.1347440219146476e-01 7.5548916769380314e-01
2.9900000000e+00 6.1056047626322674e-01 7.4940677209154194e-01
3.0100000000e+00 6.0868839697785648e-01 7.4523415139471028e-01
3.0400000000e+00 6.0598323050117064e-01 7.3885141907682628e-01
3.0600000000e+00 6.0424667202656468e-01 7.3454430678156857e-01
3.0900000000e+00 6.0173899628108196e-01 7.2805723763296615e-01
3.1200000000e+00 5.9934384856243283e-01 7.2159843642694155e-01
3.1400000000e+00 5.9780718029779090e-01 7.1734026475227552e-01
3.1700000000e+00 5.9558838976228912e-01 7.1106980824330890e-01
3.2000000000e+00 5.9346791788643938e-01 7.0498986248937534e-01
3.2200000000e+00 5.9210581063201706e-01 7.0106808068442872e-01
3.2500000000e+00 5.9013494627009921e-01 6.9541696439382750e-01
3.2800000000e+00 5.8824434523265801e-01 6.9007927510303346e-01
3.3100000000e+00 5.8642619179568345e-01 6.8508826152848090e-01
3.3400000000e+00 5.8467216800825705e-01 6.8046938875909269e-01
3.3700000000e+00 5.8297354721408678e-01 6.7624001658529975e-01
3.4000000000e+00 5.8132132147123627e-01 6.7240921322938196e-01
3.4200000000e+00 5.8024110294310127e-01 6.7007747326642519e-01
3.4500000000e+00 5.7864593049287116e-01 6.6690849552922382e-01
3.4800000000e+00 5.7707302979487063e-01 6.6412182869017333e-01
3.5100000000e+00 5.7551387278675115e-01 6.6169681802950642e-01
3.5400000000e+00 5.7396053668854397e-01 6.5960550234702076e-01
3.5700000000e+00 5.7240590630498001e-01 6.5781320503485285e-01
3.6100000000e+00 5.7032063551371914e-01 6.5581753174596047e-01
3.6400000000e+00 5.6874119292917713e-01 6.5455587786954794e-01
3.6700000000e+00 5.6714475350984694e-01 6.5343899727373245e-01
3.7000000000e+00 5.6552946730018061e-01 6.5241252425952156e-01
3.7300000000e+00 5.6389489752070909e-01 6.5142016274547210e-01
3.7600000000e+00 5.6224199750735959e-01 6.5040476415818693e-01
3.8000000000e+00 5.6001371882431872e-01 6.4891686744967580e-01
3.8300000000e+00 5.5832893262903771e-01 6.4762882342344719e-01
3.8600000000e+00 5.5663776899488260e-01 6.4613497875514947e-01
3.9000000000e+00 5.5438269459172151e-01 6.4373987471605498e-01
3.9300000000e+00 5.5269925220861016e-01 6.4158533568968035e-01
3.9600000000e+00 5.5102969794661405e-01 6.3908275185845653e-01
4.0000000000e+00 5.4883624974483169e-01 6.3515373188540503e-01
4.0300000000e+00 5.4722343937886830e-01 6.3173461108029638e-01
4.0700000000e+00 5.4512622827131918e-01 6.2652149910401489e-01
4.1000000000e+00 5.4359895096286492e-01 6.2211627380074219e-01
4.1400000000e+00 5.4162965607195257e-01 6.1559328067589492e-01
4.1700000000e+00 5.4020558188341428e-01 6.1023391631352963e-01
4.2100000000e+00 5.3837856194786060e-01 6.0251208160272307e-01
4.2400000000e+00 5.3706116043240948e-01 5.9633211896089300e-01
4.2800000000e+00 5.3537121738624538e-01 5.8765346939023311e-01
4.3200000000e+00 5.3375011717346055e-01 5.7858162098828614e-01
4.3600000000e+00 5.3218727807690802e-01 5.6925100035600151e-01
4.3900000000e+00 5.3104569974574467e-01 5.6217227096733291e-01
4.4300000000e+00 5.2955276247110672e-01 5.5275330066486972e-01
4.4700000000e+00 5.2807892753876107e-01 5.4350779512293035e-01
4.5100000000e+00 5.2660808445260743e-01 5.3460389597043201e-01
4.5500000000e+00 5.2512399178127378e-01 5.2620884342898488e-01
4.5900000000e+00 5.2361071344716359e-01 5.1848461472150031e-01
4.6300000000e+00 5.2205295983926370e-01 5.1158363150306485e-01
4.6700000000e+00 5.2043633697823855e-01 5.0564463853851638e-01
4.7100000000e+00 5.1874751786635243e-01 5.0078885401848017e-01
4.7500000000e+00 5.1697435829820615e-01 4.9711648829446820e-01
4.7900000000e+00 5.1510598408762065e-01 4.9470372218380398e-01
4.8300000000e+00 5.1313287752578352e-01 4.9360022812148474e-01
4.8700000000e+00 5.1104698790458525e-01 4.9382730714618833e-01
4.9100000000e+00 5.0884188440934475e-01 4.9537670191538685e-01
4.9500000000e+00 5.0651296020961634e-01 4.9821013068001896e-01
5.0000000000e+00 5.0342404819344377e-01 5.0345120392026355e-01
5.0400000000e+00 5.0081090412164642e-01 5.0888142806885905e-01
5.0800000000e+00 4.9807480025874179e-01 5.1527244318564258e-01
5.1300000000e+00 4.9449146452886256e-01 5.2437614035765612e-01
5.1700000000e+00 4.9150608804264984e-01 5.3233614749718150e-01
5.2200000000e+00 4.8764783659393718e-01 5.4281417466577953e-01
5.2600000000e+00 4.8448041334804259e-01 5.5136763164103397e-01
5.3100000000e+00 4.8045247346772135e-01 5.6192478449197536e-01
5.3500000000e+00 4.7720208333400121e-01 5.7000383834182278e-01
5.4000000000e+00 4.7314260929981505e-01 5.7930609840150860e-01
5.4500000000e+00 4.6913063841854563e-01 5.8737148072441625e-01
5.4900000000e+00 4.6598571274283385e-01 5.9270385544118565e-01
5.5400000000e+00 4.6217033080787462e-01 5.9772319743489799e-01
5.5900000000e+00 4.5851711685878638e-01 6.0069378382525784e-01
5.6400000000e+00 4.5505478706049746e-01 6.0144534852671994e-01
5.6800000000e+00 4.5243622742008877e-01 6.0038170518865297e-01
5.7300000000e+00 4.4936248555229968e-01 5.9694863989360814e-01
5.7800000000e+00 4.4651440498774198e-01 5.9122254630150017e-01
5.8300000000e+00 4.4388926015526309e-01 5.8332310959939537e-01
5.8800000000e+00 4.4147823532535119e-01 5.7344193651455277e-01
5.9300000000e+00 4.3926799113585291e-01 5.6183581464936649e-01
5.9800000000e+00 4.3724217330299736e-01 5.4881775621888007e-01
6.0400000000e+00 4.3502902435542978e-01 5.3183935697686180e-01
6.0900000000e+00 4.3334374002118259e-01 5.1702177855726394e-01
6.1400000000e+00 4.3178171571473495e-01 5.0203542027882897e-01
6.1900000000e+00 4.3032187629704438e-01 4.8729471470400920e-01
6.2500000000e+00 4.2867247676604808e-01 4.7049381183343175e-01
6.3000000000e+00 4.2735256743475980e-01 4.5766784409043004e-01
6.3600000000e+00 4.2578809013614793e-01 4.4417040916286638e-01
6.4100000000e+00 4.2445772805526077e-01 4.3480845207685426e-01
6.4700000000e+00 4.2276555680415134e-01 4.2612012335139249e-01
6.5200000000e+00 4.2121902087587865e-01 4.2112763928002545e-01
6.5800000000e+00 4.1912185651830547e-01 4.1786522469487658e-01
6.6300000000e+00 4.1711201907402701e-01 4.1734235048945695e-01
6.6900000000e+00 4.1431524530651326e-01 4.1912522211312003e-01
6.7500000000e+00 4.1104132439873842e-01 4.2316368157034578e-01
6.8100000000e+00 4.0726260246498247e-01 4.2894876486386518e-01
6.8700000000e+00 4.0299598233183365e-01 4.3588483143608936e-01
6.9300000000e+00 3.9830805392798596e-01 4.4332719582042590e-01
6.9900000000e+00 3.9331262784595461e-01 4.5062230562970307e-01
7.0500000000e+00 3.8816032896037078e-01 4.5714735755561059e-01
7.1100000000e+00 3.8302178230081690e-01 4.6234638257807914e-01
7.1700000000e+00 3.7806737921371142e-01 4.6576033872529826e-01
7.2300000000e+00 3.7344726510007453e-01 4.6704951010807649e-01
7.2900000000e+00 3.6927495168439134e-01 4.6600737015534616e-01
7.3600000000e+00 3.6505921942947045e-01 4.6176186636172817e-01
7.4200000000e+00 3.6201878624375777e-01 4.5561585361132573e-01
7.4800000000e+00 3.5947032588907901e-01 4.4737592366331613e-01
7.5500000000e+00 3.5702122293376815e-01 4.3555060145164470e-01
7.6100000000e+00 3.5526171490164921e-01 4.2399383115400413e-01
7.6800000000e+00 3.5345928732316795e-01 4.0953070291494287e-01
7.7400000000e+00 3.5201548678756328e-01 3.9688819862146474e-01
7.8100000000e+00 3.5032917212921894e-01 3.8259204742475761e-01
7.8800000000e+00 3.4853930898614188e-01 3.6954373993961326e-01
7.9500000000e+00 3.4656605025726789e-01 3.5845220737872624e-01
8.0200000000e+00 3.4434841283479622e-01 3.4988832256104924e-01
8.0800000000e+00 3.4221204475472722e-01 3.4486307230263291e-01
8.1500000000e+00 3.3939396010746004e-01 3.4187999359815768e-01
8.2200000000e+00 3.3616196997661585e-01 3.4198682799571145e-01
8.3000000000e+00 3.3186747812049167e-01 3.4559132397026160e-01
8.3700000000e+00 3.2750694059435137e-01 3.5128794960701665e-01
8.4400000000e+00 3.2253695321107095e-01 3.5869833160773501e-01
8.5100000000e+00 3.1695946466778790e-01 3.6706381417226253e-01
8.5900000000e+00 3.0992774533575035e-01 3.7673835258658972e-01
8.6600000000e+00 3.0335683275706077e-01 3.8438561208914351e-01
8.7300000000e+00 2.9661013263392416e-01 3.9048975378014500e-01
8.8100000000e+00 2.8900189216867167e-01 3.9479982060403734e-01
8.8900000000e+00 2.8186640543925801e-01 3.9566714427174732e-01
8.9600000000e+00 2.7627274151319059e-01 3.9336005075822222e-01
9.0400000000e+00 2.7083521218797862e-01 3.8724314162589729e-01
9.1200000000e+00 2.6652267238361210e-01 3.7773389695435378e-01
9.2000000000e+00 2.6331726811137857e-01 3.6541988071909337e-01
9.2800000000e+00 2.6108978665699006e-01 3.5107717038760677e-01
9.3600000000e+00 2.5963771647469391e-01 3.3558667646763546e-01
9.4400000000e+00 2.5872883962548310e-01 3.1985102824927869e-01
9.5200000000e+00 2.5814011657422148e-01 3.0471924605718964e-01
9.6000000000e+00 2.5768486298380522e-01 2.9092415263491211e-01
9.6800000000e+00 2.5722547568074966e-01 2.7903549509882036e-01
9.7700000000e+00 2.5659461417361124e-01 2.6840095424760274e-01
9.8500000000e+00 2.5587967510423398e-01 2.6156018536659442e-01
9.9400000000e+00 2.5487499340317443e-01 2.5673711523763348e-01
1.0020000000e+01 2.5379707771929361e-01 2.5474302365708718e-01
1.0110000000e+01 2.5237863594933890e-01 2.5459114629683965e-01
1.0200000000e+01 2.5075458733991030e-01 2.5601463629355714e-01
1.0280000000e+01 2.4916056031527706e-01 2.5803671816387813e-01
1.0370000000e+01 2.4724173713366243e-01 2.6057282573529589e-01
1.0460000000e+01 2.4525709439103147e-01 2.6288443052126631e-01
1.0550000000e+01 2.4329126808641136e-01 2.6463343517244231e-01
1.0640000000e+01 2.4143000769912745e-01 2.6569301490456138e-01
1.0730000000e+01 2.3974241729475826e-01 2.6613684236511886e-01
1.0830000000e+01 2.3811553672934088e-01 2.6619202005308323e-01
1.0920000000e+01 2.3687210893920585e-01 2.6620030162200642e-01
1.1020000000e+01 2.3568803987308196e-01 2.6657402167008226e-01
1.1110000000e+01 2.3473438685875034e-01 2.6750704437255712e-01
1.1210000000e+01 2.3371744238922842e-01 2.6932963255050024e-01
1.1300000000e+01 2.3278082261864094e-01 2.7158176060145173e-01
1.1400000000e+01 2.3167357372223432e-01 2.7441789709692843e-01
1.1500000000e+01 2.3048453847226574e-01 2.7703121156531318e-01
1.1600000000e+01 2.2923296310634875e-01 2.7870128040302256e-01
1.1700000000e+01 2.2795989447380530e-01 2.7870027476828829e-01
1.1800000000e+01 2.2671365598657617e-01 2.7642669752300736e-01
1.1900000000e+01 2.2553587552779142e-01 2.7152563508283167e-01
1.2000000000e+01 2.2445237914180022e-01 2.6397498016725551e-01
1.2110000000e+01 2.2337843293269935e-01 2.5303488727051404e-01
1.2210000000e+01 2.2250219313736574e-01 2.4146854469316947e-01
1.2320000000e+01 2.2163114596719205e-01 2.2818594273578255e-01
1.2420000000e+01 2.2090588303750897e-01 2.1683398997561382e-01
1.2530000000e+01 2.2015932308819591e-01 2.0650492477414573e-01
1.2640000000e+01 2.1943853717940892e-01 1.9959217572852761e-01
1.2750000000e+01 2.1870806390733505e-01 1.9679819431232476e-01
1.2860000000e+01 2.1792977069195885e-01 1.9819011144261350e-01
1.2970000000e+01 2.1707293216924831e-01 2.0317157596567548e-01
1.3080000000e+01 2.1612542183592376e-01 2.1057482706934347e-01
1.3190000000e+01 2.1510017853367716e-01 2.1885931011402054e-01
1.3310000000e+01 2.1393546099944594e-01 2.2697493427456827e-01
1.3420000000e+01 2.1287588374879179e-01 2.3202279957716029e-01
1.3540000000e+01 2.1177621988182643e-01 2.3377235239520155e-01
1.3660000000e+01 2.1075369124551413e-01 2.3126953692199784e-01
1.3770000000e+01 2.0986752736640066e-01 2.2575146284686354e-01
1.3890000000e+01 2.0891176133060971e-01 2.1755396272242633e-01
1.4010000000e+01 2.0791405962095610e-01 2.0900853425569516e-01
1.4130000000e+01 2.0683322383857197e-01 2.0222667518667370e-01
1.4260000000e+01 2.0554819111570238e-01 1.9893383910873530e-01
1.4380000000e+01 2.0425903850443214e-01 2.0074281570044927e-01
1.4500000000e+01 2.0288337452491872e-01 2.0723139528420673e-01
1.4630000000e+01 2.0131396255263975e-01 2.1831905829074261e-01
1.4750000000e+01 1.9981734569588880e-01 2.3024115675618789e-01
1.4880000000e+01 1.9819169273569112e-01 2.4211100631255400e-01
1.5010000000e+01 1.9663463112619048e-01 2.4994734662752771e-01
1.5140000000e+01 1.9522774303636653e-01 2.5145826802685745e-01
1.5270000000e+01 1.9402721743960996e-01 2.4562924067039710e-01
1.5400000000e+01 1.9303929690998345e-01 2.3296415323653577e-01
1.5530000000e+01 1.9222292803067401e-01 2.1537427085492000e-01
1.5670000000e+01 1.9146732509180978e-01 1.9425175248221110e-01
1.5800000000e+01 1.9083366363631749e-01 1.7605850477531448e-01
1.5940000000e+01 1.9020768390848947e-01 1.6133107275289624e-01
1.6080000000e+01 1.8964048421805813e-01 1.5384173868912621e-01
1.6220000000e+01 1.8911482850220251e-01 1.5408858171233344e-01
1.6360000000e+01 1.8857773267755729e-01 1.6080066533468890e-01
1.6500000000e+01 1.8795681996300859e-01 1.7140704434275580e-01
1.6640000000e+01 1.8719582447092842e-01 1.8282312424602848e-01
1.6780000000e+01 1.8627739432743298e-01 1.9231719536564396e-01
1.6930000000e+01 1.8513511760123494e-01 1.9846714170010793e-01
1.7080000000e+01 1.8385340573848180e-01 2.0015971789707632e-01
1.7220000000e+01 1.8254197079777471e-01 1.9883273393209969e-01
1.7370000000e+01 1.8102311132192148e-01 1.9635916436059436e-01
1.7520000000e+01 1.7941931511077280e-01 1.9492606040264526e-01
1.7670000000e+01 1.7779286188874255e-01 1.9586690852136041e-01
1.7820000000e+01 1.7620862288028627e-01 1.9917251157720439e-01
1.7980000000e+01 1.7459926484739807e-01 2.0379237415539869e-01
1.8130000000e+01 1.7315269107068254e-01 2.0689257289616980e-01
1.8290000000e+01 1.7165385593543728e-01 2.0649430339930377e-01
1.8450000000e+01 1.7022922931765289e-01 2.0090463388169583e-01
1.8610000000e+01 1.6896994337153282e-01 1.9047469662600014e-01
1.8770000000e+01 1.6796588838072057e-01 1.7724793777910200e-01
1.8930000000e+01 1.6722532143780755e-01 1.6419586616087062e-01
1.9090000000e+01 1.6665629934312370e-01 1.5410139898509700e-01
1.9260000000e+01 1.6608795570321827e-01 1.4838473040310035e-01
1.9420000000e+01 1.6548289678274930e-01 1.4764072809094608e-01
1.9590000000e+01 1.6474179070778758e-01 1.5009223199179411e-01
1.9760000000e+01 1.6392095415293612e-01 1.5350435804221724e-01
1.9930000000e+01 1.6298898913264079e-01 1.5603898181939901e-01
2.0100000000e+01 1.6185565962767898e-01 1.5731535952695958e-01
2.0280000000e+01 1.6041478363667563e-01 1.5860420447808402e-01
2.0450000000e+01 1.5896792966873069e-01 1.6182893264445752e-01
2.0630000000e+01 1.5754787396895256e-01 1.6901573214055721e-01
2.0810000000e+01 1.5628632402897880e-01 1.7971911912723471e-01
2.0990000000e+01 1.5503763289463557e-01 1.9096907670518393e-01
2.1170000000e+01 1.5368525877421541e-01 1.9811594025951570e-01
2.1350000000e+01 1.5232232188400480e-01 1.9693714110660901e-01
2.1540000000e+01 1.5108731603999095e-01 1.8495086920953574e-01
2.1720000000e+01 1.5017261356676873e-01 1.6575836010174425e-01
2.1910000000e+01 1.4936288216799307e-01 1.4331441705038694e-01
2.2100000000e+01 1.4862184262402986e-01 1.2604310573978419e-01
2.2290000000e+01 1.4796524694847540e-01 1.1941878345950144e-01
2.2480000000e+01 1.4735774615479999e-01 1.2436891405751134e-01
2.2680000000e+01 1.4658491406954754e-01 1.3762302391366471e-01
2.2870000000e+01 1.4560203402153407e-01 1.5059230911739924e-01
2.3070000000e+01 1.4441595826045911e-01 1.5764346670210222e-01
2.3270000000e+01 1.4326666711095956e-01 1.5524198614362461e-01
2.3470000000e+01 1.4217393290708696e-01 1.4633988630995926e-01
2.3670000000e+01 1.4102156280522496e-01 1.3757448927892094e-01
2.3880000000e+01 1.3965891938135755e-01 1.3540962789005398e-01
2.4080000000e+01 1.3816627039420679e-01 1.4238814211393874e-01
2.4290000000e+01 1.3633258287813649e-01 1.5564496301739933e-01
2.4500000000e+01 1.3430995569581602e-01 1.6722810287649856e-01
2.4710000000e+01 1.3244375224705848e-01 1.6980690374956997e-01
2.4920000000e+01 1.3106774985979219e-01 1.6085874294650049e-01
2.5140000000e+01 1.3014953091641401e-01 1.4295876242876812e-01
2.5360000000e+01 1.2951922677225319e-01 1.2440587008351514e-01
2.5580000000e+01 1.2902311854917500e-01 1.1258424172337105e-01
2.5800000000e+01 1.2859994054673310e-01 1.1014626737589898e-01
2.6020000000e+01 1.2809653329610068e-01 1.1450347111804908e-01
2.6240000000e+01 1.2733268928391336e-01 1.2067648966600419e-01
2.6470000000e+01 1.2622141710939228e-01 1.2531546136249860e-01
2.6700000000e+01 1.2489024565072854e-01 1.2815368739623800e-01
2.6930000000e+01 1.2347049866125220e-01 1.3174036530582448e-01
2.7160000000e+01 1.2211913933506999e-01 1.3746061857800432e-01
2.7400000000e+01 1.2092008673242535e-01 1.4335751422294771e-01
2.7630000000e+01 1.1998520667206518e-01 1.4428991833346813e-01
2.7870000000e+01 1.1916193471069557e-01 1.3719393426774792e-01
2.8110000000e+01 1.1844255319906072e-01 1.2408881514743804e-01
2.8350000000e+01 1.1779702047987126e-01 1.1194129139993175e-01
2.8600000000e+01 1.1717534802977188e-01 1.0735566495790289e-01
2.8850000000e+01 1.1661431893312671e-01 1.1181615634263242e-01
2.9100000000e+01 1.1609990636832418e-01 1.1886280264763641e-01
2.9350000000e+01 1.1551568351399448e-01 1.2049798048919166e-01
2.9600000000e+01 1.1474884111777578e-01 1.1456919570181827e-01
2.9860000000e+01 1.1384777122001352e-01 1.0678363249003303e-01
3.0110000000e+01 1.1309158706287059e-01 1.0666889670602479e-01
3.0370000000e+01 1.1242954212600989e-01 1.1723655932075375e-01
3.0640000000e+01 1.1162239134179583e-01 1.3155598164295118e-01
3.0900000000e+01 1.1066688746999312e-01 1.3583213188261456e-01
3.1170000000e+01 1.0970851136042614e-01 1.2443201561437277e-01
3.1440000000e+01 1.0891429155037144e-01 1.0476287911882137e-01
3.1710000000e+01 1.0828649226384079e-01 9.2106470043380267e-02
3.1980000000e+01 1.0771233083835839e-01 9.5360333588855165e-02
3.2260000000e+01 1.0684537135796018e-01 1.0978649624052841e-01
3.2540000000e+01 1.0564377276232378e-01 1.2023446443798870e-01
3.2820000000e+01 1.0450555618781605e-01 1.1719896049797732e-01
3.3100000000e+01 1.0366006053689686e-01 1.0545162664721541e-01
3.3390000000e+01 1.0300503900742267e-01 9.7297141309415719e-02
3.3670000000e+01 1.0248901907632763e-01 1.0002512780578438e-01
3.3960000000e+01 1.0188548004502233e-01 1.0835961958340518e-01
3.4260000000e+01 1.0099656457936125e-01 1.1176462162203196e-01
3.4550000000e+01 1.0010074862914162e-01 1.0673410825855345e-01
3.4850000000e+01 9.9467437401134853e-02 9.9779256679017103e-02
3.5150000000e+01 9.8972664462628993e-02 9.8010185665808366e-02
3.5460000000e+01 9.8299827573556320e-02 9.9832930565125877e-02
3.5760000000e+01 9.7629553796847998e-02 9.9105189825628673e-02
3.6070000000e+01 9.6922751711887190e-02 9.5774170410066861e-02
3.6380000000e+01 9.6124876282738358e-02 9.6534130239638444e-02
3.6700000000e+01 9.5232780413769536e-02 1.0394456271383623e-01
3.7010000000e+01 9.4247140285380226e-02 1.0850453499277869e-01
3.7330000000e+01 9.3313900784727621e-02 1.0032656437248799e-01
3.7660000000e+01 9.2555738410708827e-02 8.3474083603867780e-02
3.7980000000e+01 9.1919391887377105e-02 7.6706641837458553e-02
3.8310000000e+01 9.1377685107112375e-02 8.8435098544029311e-02
3.8640000000e+01 9.0770457192246107e-02 1.0538054461203195e-01
3.8970000000e+01 9.0014306081546938e-02 1.0761498327938074e-01
3.9310000000e+01 8.9155685824764450e-02 9.4058985273673235e-02
3.9650000000e+01 8.8414102484411700e-02 8.3765612079438112e-02
3.9990000000e+01 8.7855919650086073e-02 8.7905103549089425e-02
4.0340000000e+01 8.7148222857501928e-02 9.4633372350752157e-02
4.0680000000e+01 8.6401768313136618e-02 8.8597322663074157e-02
4.1040000000e+01 8.5537645645651125e-02 7.5554472538570727e-02
4.1390000000e+01 8.4694720515994179e-02 7.5153859968711406e-02
4.1750000000e+01 8.3627905673444830e-02 8.9141894562239365e-02
4.2110000000e+01 8.2084693840626777e-02 9.9031224815149449e-02
4.2470000000e+01 8.0981614932322324e-02 9.4455841573789043e-02
4.2840000000e+01 8.0494214346320980e-02 8.5036320167988982e-02
4.3210000000e+01 8.0248971087075766e-02 8.0759091198719921e-02
4.3580000000e+01 7.9934309570143192e-02 7.7220561637327434e-02
4.3960000000e+01 7.9390984479188881e-02 7.1111342519466367e-02
4.4340000000e+01 7.8876766268016776e-02 7.1672712255639509e-02
4.4720000000e+01 7.8367255159783822e-02 8.1791373697493092e-02
4.5110000000e+01 7.7725389007740842e-02 8.7698935218844198e-02
4.5500000000e+01 7.6952821695060292e-02 8.2044269610085513e-02
4.5890000000e+01 7.6294472222979706e-02 7.9229808934705562e-02
4.6280000000e+01 7.5861123600419120e-02 8.5996456708585939e-02
4.6680000000e+01 7.5378224240277042e-02 8.4129356970543148e-02
4.7090000000e+01 7.4714707587578866e-02 6.3998201391989779e-02
4.7490000000e+01 7.4100288013405013e-02 5.2977146937852201e-02
4.7900000000e+01 7.3813846218211535e-02 6.9862144153048450e-02
4.8320000000e+01 7.3290216495071031e-02 9.0823507554403368e-02
4.8730000000e+01 7.2519465847824871e-02 8.7974288004339748e-02
4.9150000000e+01 7.1923618657772900e-02 7.5333735070786029e-02
4.9580000000e+01 7.1670814542280969e-02 7.2639855941079051e-02
5.0010000000e+01 7.1355798410257562e-02 7.0048582314206922e-02
5.0440000000e+01 7.0763237698819315e-02 6.0987072606697279e-02
5.0870000000e+01 7.0336010595631826e-02 6.1776346930350987e-02
5.1310000000e+01 6.9777697134023417e-02 7.3761138813902297e-02
5.1760000000e+01 6.8881492793870652e-02 7.8376263286146164e-02
5.2200000000e+01 6.8361102965623061e-02 7.6555609339441333e-02
5.2650000000e+01 6.8114602450847037e-02 7.6573470817791783e-02
5.3110000000e+01 6.7783682130352296e-02 6.7365349881585254e-02
5.3570000000e+01 6.7225990471176542e-02 5.3701061869949523e-02
5.4030000000e+01 6.6748172603356776e-02 5.9995858413030345e-02
5.4500000000e+01 6.5663916637391281e-02 7.4469750861478418e-02
5.4970000000e+01 6.4614158356688003e-02 7.0228474378169981e-02
5.5440000000e+01 6.4024730840417668e-02 6.5938226278066156e-02
5.5920000000e+01 6.3632986225536772e-02 7.4272599823041088e-02
5.6400000000e+01 6.3064359651366267e-02 6.6689060586241342e-02
5.6890000000e+01 6.2422771103516184e-02 4.8181077372437542e-02
5.7380000000e+01 6.2191498011642157e-02 5.5465345170213454e-02
5.7880000000e+01 6.1932731205746071e-02 7.2223502499128678e-02
5.8380000000e+01 6.1199952304252306e-02 6.9040016531799989e-02
5.8880000000e+01 6.0644029794946513e-02 6.2610615373861075e-02
5.9390000000e+01 6.0149107369437432e-02 5.9642068843221721e-02
5.9900000000e+01 5.9600305910041437e-02 5.4769273984752877e-02
6.0420000000e+01 5.9340873572747178e-02 5.9984930367220621e-02
6.0940000000e+01 5.8953603926353480e-02 6.3392132437236112e-02
6.1470000000e+01 5.8253828698454642e-02 5.6415139054742637e-02
6.2000000000e+01 5.8093000447088317e-02 6.1852241504841012e-02
6.2530000000e+01 5.7835178727280494e-02 6.3274161906408152e-02
6.3070000000e+01 5.7181683291960550e-02 4.9382990223002313e-02
6.3620000000e+01 5.6835492767439669e-02 5.6532625281282403e-02
6.4170000000e+01 5.6404160058279085e-02 6.5802016489184115e-02
6.4720000000e+01 5.5741577087791962e-02 5.3272455446722794e-02
6.5280000000e+01 5.5509879518305424e-02 5.4277547775941917e-02
6.5840000000e+01 5.5188100424661123e-02 5.8143689276312041e-02
6.6410000000e+01 5.4602873119722173e-02 5.0865156823401980e-02
6.6990000000e+01 5.4343322343586686e-02 5.8106451674675499e-02
6.7560000000e+01 5.3891075796473162e-02 5.9773708581604149e-02
6.8150000000e+01 5.3456807919042948e-02 5.2127621181047377e-02
6.8740000000e+01 5.3334805869295190e-02 4.9597317723029360e-02
6.9330000000e+01 5.2861771106867871e-02 4.7773916215587513e-02
6.9930000000e+01 5.2436815021339671e-02 6.1629758173919510e-02
7.0530000000e+01 5.1860444316608807e-02 5.9898788981842484e-02
7.1140000000e+01 5.1208147337918238e-02 4.3170889202209684e-02
7.1750000000e+01 5.1092368182497030e-02 5.1790170141200395e-02
7.2370000000e+01 5.0573528981825683e-02 4.8624677609433280e-02
7.3000000000e+01 4.9957227305585446e-02 4.9824390654159695e-02
7.3630000000e+01 4.9571295099739648e-02 6.1647030725831789e-02
7.4270000000e+01 4.9038180254391529e-02 4.7478117319290442e-02
7.4910000000e+01 4.8850043254221889e-02 4.2998884590522340e-02
7.5550000000e+01 4.8501501400323055e-02 4.4497256934470958e-02
7.6210000000e+01 4.8110690268042704e-02 5.3462836506917230e-02
7.6860000000e+01 4.7647961226353515e-02 5.6301220457181195e-02
7.7530000000e+01 4.7122805705733538e-02 4.5300074216863537e-02
7.8200000000e+01 4.7008781540938828e-02 4.3046214496658838e-02
7.8870000000e+01 4.6448190790761880e-02 3.8870658388592522e-02
7.9550000000e+01 4.6226676089455333e-02 5.8069751319881686e-02
8.0240000000e+01 4.5655943120378503e-02 5.0271917354122696e-02
8.0930000000e+01 4.5263198908994669e-02 3.8828244612711241e-02
8.1630000000e+01 4.5298823211060352e-02 4.5256698036555965e-02
8.2340000000e+01 4.4744669377790404e-02 4.1351344561027029e-02
8.3050000000e+01 4.4574702370843954e-02 5.2768877642104139e-02
8.3760000000e+01 4.4143315738801883e-02 4.6260514133808245e-02
8.4490000000e+01 4.3982864395730806e-02 4.0185168219331477e-02
8.5220000000e+01 4.3563694129486061e-02 3.8020410638825178e-02
8.5950000000e+01 4.3349645461377526e-02 5.2297179815483194e-02
8.6700000000e+01 4.2783796779836583e-02 4.2125415404493667e-02
8.7440000000e+01 4.2365733349177571e-02 4.3265912941502262e-02
8.8200000000e+01 4.1656940251084636e-02 3.7471155417496717e-02
8.8960000000e+01 4.1280397036283063e-02 4.5162651699002014e-02
8.9730000000e+01 4.0708919801878046e-02 4.3657669290417679e-02
9.0500000000e+01 4.0355703593822831e-02 3.7325444020727558e-02
9.1280000000e+01 4.0183022185167137e-02 4.2233630595589641e-02
9.2070000000e+01 3.9820564126095900e-02 4.0169059033485971e-02
9.2870000000e+01 3.9562841190950646e-02 3.9193895985219919e-02
9.3670000000e+01 3.9373212002965410e-02 4.1224901207111211e-02
9.4480000000e+01 3.8984639830744745e-02 3.5956718082386735e-02
9.5290000000e+01 3.8707139059512868e-02 4.4972779850546672e-02
9.6120000000e+01 3.8160992457213501e-02 3.3743045871077015e-02
9.6950000000e+01 3.7887821347171780e-02 3.8242949672868398e-02
9.7780000000e+01 3.7311207712447093e-02 3.9858481809322846e-02
9.8630000000e+01 3.7203785538213609e-02 4.0541669984356515e-02
9.9480000000e+01 3.6832997554949856e-02 3.1148954972516678e-02
1.0034000000e+02 3.6706807497976751e-02 3.7973613034079513e-02
1.0121000000e+02 3.6266670830125032e-02 4.0807531248955309e-02
1.0208000000e+02 3.6170798955382250e-02 3.5589355872197269e-02
1.0296000000e+02 3.5858638425529797e-02 3.1982336076261123e-02
1.0385000000e+02 3.5713295706833882e-02 3.6659987456668736e-02
1.0475000000e+02 3.5330076644583215e-02 4.2461105971720481e-02
1.0565000000e+02 3.4727196116156892e-02 2.9062311319734687e-02
1.0656000000e+02 3.4202279631242873e-02 3.3291262675615337e-02
1.0748000000e+02 3.3580528589441418e-02 3.8836630365144023e-02
1.0841000000e+02 3.3456808675088712e-02 3.4172152869082435e-02
1.0935000000e+02 3.3218818080772372e-02 2.9279593574517704e-02
1.1029000000e+02 3.2928989281110307e-02 3.3263846778182019e-02
1.1124000000e+02 3.2876557763345769e-02 3.9893855584787578e-02
1.1220000000e+02 3.2432552453302163e-02 2.5358104795905532e-02
1.1317000000e+02 3.2440808279567551e-02 3.4338613546366005e-02
1.1415000000e+02 3.2077149281446823e-02 3.5291651376867399e-02
1.1514000000e+02 3.1763578324433647e-02 2.9624480565528202e-02
1.1613000000e+02 3.1586577687763892e-02 3.0879081374076748e-02
1.1713000000e+02 3.1244705793886659e-02 3.4707702205699895e-02
1.1814000000e+02 3.0967573471119975e-02 2.7662446025551318e-02
1.1916000000e+02 3.0923822546992722e-02 3.4383433864006357e-02
1.2019000000e+02 3.0508916867252864e-02 2.8643101699590261e-02
1.2123000000e+02 3.0472896809134127e-02 3.0345572413734600e-02
1.2228000000e+02 3.0252534781903540e-02 3.2844578107876291e-02
1.2333000000e+02 2.9849811387513900e-02 2.8413253482313418e-02
1.2440000000e+02 2.9579281580108103e-02 2.8732047437470563e-02
1.2547000000e+02 2.9356892670938432e-02 3.2019045244481549e-02
1.2656000000e+02 2.9064746432668348e-02 3.0213495669776193e-02
1.2765000000e+02 2.8843611475942853e-02 2.2604509690571671e-02
1.2875000000e+02 2.8869672128121349e-02 3.7071057647183707e-02
1.2986000000e+02 2.8472024663176602e-02 2.5629723474550496e-02
1.3098000000e+02 2.8325216212153292e-02 2.4698578324076216e-02
1.3212000000e+02 2.8224727939640194e-02 3.3752865746184635e-02
1.3326000000e+02 2.7967270417419886e-02 2.7003728171316944e-02
1.3441000000e+02 2.7667243760376697e-02 2.5338595072503557e-02
1.3557000000e+02 2.7339915241428810e-02 2.9995136991657734e-02
1.3674000000e+02 2.7252843484592806e-02 2.5700666786461011e-02
1.3792000000e+02 2.7006609498360784e-02 2.9796289524647322e-02
1.3911000000e+02 2.6686340525001569e-02 2.5652649884403123e-02
1.4031000000e+02 2.6576932978832714e-02 2.4228509102329755e-02
1.4152000000e+02 2.6379128365570249e-02 2.8768415512324313e-02
1.4274000000e+02 2.6179453962172913e-02 2.8437695436686443e-02
1.4398000000e+02 2.5882524894618085e-02 2.4093205963726636e-02
1.4522000000e+02 2.5628321566670133e-02 2.4772789104359060e-02
1.4647000000e+02 2.5551692636100801e-02 2.4804804106605672e-02
1.4774000000e+02 2.5432325063673916e-02 2.9054070354954508e-02
1.4901000000e+02 2.5176043811812591e-02 2.4299045714818793e-02
1.5030000000e+02 2.4976220397144713e-02 2.6302920067761505e-02
1.5160000000e+02 2.4698371500771220e-02 2.2316975154072265e-02
1.5291000000e+02 2.4364645896194959e-02 2.2331004929958889e-02
1.5423000000e+02 2.4310338849241869e-02 2.7844452587323570e-02
1.5556000000e+02 2.4112197193636626e-02 2.3902438330239369e-02
1.5690000000e+02 2.3887453545005891e-02 2.7207864450676862e-02
1.5826000000e+02 2.3639395957657822e-02 2.0610411599677407e-02
1.5962000000e+02 2.3470054614107165e-02 2.5792770929607012e-02
1.6100000000e+02 2.3225295850953349e-02 1.8770020755618969e-02
1.6239000000e+02 2.3066650131167064e-02 2.1791555756679265e-02
1.6380000000e+02 2.3005137979202794e-02 2.6764640815664709e-02
1.6521000000e+02 2.2804974152985907e-02 2.0700098369807733e-02
1.6664000000e+02 2.2690821975699108e-02 2.6619603480484547e-02
1.6808000000e+02 2.2540851482393424e-02 2.1977264719118227e-02
1.6953000000e+02 2.2309423613633771e-02 2.7024850820792465e-02
1.7099000000e+02 2.1968560140753782e-02 2.0210997602728511e-02
1.7247000000e+02 2.1714676515479921e-02 2.1730508671194505e-02
1.7396000000e+02 2.1528961303382936e-02 2.0181014820178474e-02
1.7546000000e+02 2.1393496899094647e-02 2.2771879799832022e-02
1.7697000000e+02 2.1150457323923511e-02 1.8540864209137371e-02
1.7850000000e+02 2.1018715405407618e-02 1.8821236725129545e-02
1.8004000000e+02 2.0845316332837809e-02 1.8762312240509220e-02
1.8160000000e+02 2.0711944064125153e-02 2.0942445992450556e-02
1.8317000000e+02 2.0549216043119965e-02 1.8448962339628703e-02
1.8475000000e+02 2.0383379490408447e-02 2.0958446034851565e-02
1.8634000000e+02 2.0186013169800111e-02 1.4697683754187906e-02
1.8795000000e+02 1.9993701091644837e-02 2.0405879027071090e-02
1.8957000000e+02 1.9833178663944993e-02 1.7129367147398770e-02
1.9121000000e+02 1.9702120067538388e-02 2.2152472654140887e-02
1.9286000000e+02 1.9497596386398634e-02 1.6318233561018577e-02
1.9453000000e+02 1.9347291477865142e-02 2.1485760190227562e-02
1.9621000000e+02 1.9197048302747651e-02 1.6507214944537909e-02
1.9790000000e+02 1.9099800660584650e-02 1.9940047260205668e-02
1.9961000000e+02 1.9020950213402190e-02 1.9062884930279148e-02
2.0133000000e+02 1.8920087166508805e-02 2.2121770039777083e-02
2.0307000000e+02 1.8673055805944611e-02 2.0779251476374543e-02
2.0483000000e+02 1.8429108496009011e-02 1.9063437921479773e-02
2.0659000000e+02 1.8262832401580029e-02 1.8654661268261399e-02
2.0838000000e+02 1.8087646638339960e-02 1.7521094247985196e-02
2.1018000000e+02 1.7955946209983545e-02 1.6111593007228468e-02
2.1199000000e+02 1.7819161805272550e-02 1.7912633259353064e-02
2.1382000000e+02 1.7647010269815272e-02 1.6068431118043378e-02
2.1567000000e+02 1.7558383929953788e-02 2.0132094496998904e-02
2.1753000000e+02 1.7351185326189230e-02 1.4886126271760241e-02
2.1941000000e+02 1.7199843079089543e-02 1.5582529676924580e-02
2.2130000000e+02 1.7052899549614309e-02 1.5656323805045197e-02
2.2322000000e+02 1.6888095056720325e-02 1.5473275648353076e-02
2.2514000000e+02 1.6771889619162029e-02 1.9924472599579371e-02
2.2709000000e+02 1.6575901888417420e-02 1.4019492374490333e-02
2.2905000000e+02 1.6404998010211561e-02 1.5820967455909159e-02
2.3103000000e+02 1.6335960103324380e-02 1.6228079872448530e-02
2.3302000000e+02 1.6214871160692170e-02 1.5566642085889620e-02
2.3503000000e+02 1.6011528337910270e-02 1.4539837387498700e-02
2.3706000000e+02 1.5903015960184105e-02 1.4786356891092443e-02
2.3911000000e+02 1.5876654967716557e-02 1.6371281048514291e-02
2.4117000000e+02 1.5717992219751665e-02 1.4636498854799514e-02
2.4326000000e+02 1.5564128444961783e-02 1.5616017939768693e-02
2.4536000000e+02 1.5511962992540405e-02 1.4841257496523617e-02
2.4748000000e+02 1.5420247329431284e-02 1.4830147393384185e-02
2.4961000000e+02 1.5269736640204055e-02 1.6495137447574314e-02
2.5177000000e+02 1.5195393826793158e-02 1.4995919107453591e-02
2.5394000000e+02 1.5046240833372096e-02 1.4814062503707388e-02
2.5613000000e+02 1.4951805478727780e-02 1.6727072010313412e-02
2.5835000000e+02 1.4860171755509880e-02 1.4023240885857175e-02
2.6058000000e+02 1.4686007479346912e-02 1.2592376995486397e-02
2.6283000000e+02 1.4693072187457142e-02 1.6076194466965829e-02
2.6510000000e+02 1.4527688920227539e-02 1.4078404554231535e-02
2.6739000000e+02 1.4457872736290981e-02 1.6606255843776934e-02
2.6969000000e+02 1.4246289945816634e-02 1.3927673109949915e-02
2.7202000000e+02 1.4155467672981851e-02 1.4491239418536483e-02
2.7437000000e+02 1.4002870739475169e-02 1.5033453276610570e-02
2.7674000000e+02 1.3884586295347362e-02 1.4081321626135275e-02
2.7913000000e+02 1.3765115130706249e-02 1.2535418395072625e-02
2.8154000000e+02 1.3702605517529699e-02 1.5627394203601493e-02
2.8397000000e+02 1.3545628905872568e-02 1.4136604973090510e-02
2.8642000000e+02 1.3443511563573231e-02 1.3605911933350874e-02
2.8890000000e+02 1.3276167898238982e-02 1.1749193677235703e-02
2.9139000000e+02 1.3210045248800329e-02 1.4140166023418140e-02
2.9391000000e+02 1.3024333630397185e-02 1.1727545075365477e-02
2.9645000000e+02 1.2975492974530246e-02 1.2904146301030645e-02
2.9901000000e+02 1.2921038874286316e-02 1.4958912302255102e-02
3.0159000000e+02 1.2730205576876513e-02 1.1401687630888533e-02
3.0419000000e+02 1.2696812992735586e-02 1.1853660776968927e-02
3.0682000000e+02 1.2629786117866037e-02 1.2441284413002870e-02
3.0947000000e+02 1.2447958675705915e-02 1.1426782316009201e-02
3.1214000000e+02 1.2434130221151300e-02 1.4938581957189598e-02
3.1484000000e+02 1.2359677538685479e-02 1.4611003616810151e-02
3.1755000000e+02 1.2166930834470877e-02 1.0607579362800478e-02
3.2030000000e+02 1.2058997578380273e-02 1.1285712257164243e-02
3.2306000000e+02 1.1998892778165448e-02 1.1899128453007508e-02
3.2585000000e+02 1.1939237492678570e-02 1.3107115312167513e-02
3.2867000000e+02 1.1771269952119448e-02 1.0491843538101429e-02
3.3150000000e+02 1.1647208584879613e-02 8.8612998681303432e-03
3.3437000000e+02 1.1583814726188748e-02 1.0268808143746673e-02
3.3725000000e+02 1.1495561717916462e-02 1.2183844512700841e-02
3.4017000000e+02 1.1430320731856189e-02 1.4206054708326522e-02
3.4310000000e+02 1.1265098424748937e-02 1.2746471059132148e-02
3.4606000000e+02 1.1160123914202891e-02 1.2290328770653980e-02
3.4905000000e+02 1.1053664564769302e-02 1.1116759647242765e-02
3.5207000000e+02 1.0969911113658460e-02 1.0753562630650412e-02
3.5511000000e+02 1.0891200477820311e-02 1.0487271987337163e-02
3.5817000000e+02 1.0835110564372637e-02 1.0875124278376848e-02
3.6127000000e+02 1.0792216840897867e-02 1.2653574682512363e-02
3.6439000000e+02 1.0681387263851859e-02 1.1234499730842999e-02
3.6753000000e+02 1.0609660358678840e-02 1.2548889922839066e-02
3.7071000000e+02 1.0526155573446232e-02 1.2103698323987151e-02
3.7391000000e+02 1.0411105980082561e-02 1.0372744963071829e-02
3.7714000000e+02 1.0353241464943028e-02 1.1175020578196899e-02
3.8039000000e+02 1.0256217938260632e-02 9.5457283009002004e-03
3.8368000000e+02 1.0151053018749384e-02 8.2622299591291731e-03
3.8699000000e+02 1.0088674673064195e-02 9.3323774761545440e-03
3.9033000000e+02 9.9842761040924641e-03 8.3999081184075210e-03
3.9370000000e+02 9.8830823125176867e-03 8.5040875300996174e-03
3.9710000000e+02 9.8180838587379454e-03 8.8365335300836095e-03
4.0053000000e+02 9.7526816247377312e-03 9.6248035253557324e-03
4.0399000000e+02 9.6284273840930718e-03 8.8505845790967999e-03
4.0748000000e+02 9.5389124523604495e-03 8.8709372503773844e-03
4.1100000000e+02 9.5098472402092432e-03 9.6977497726861029e-03
4.1454000000e+02 9.4491241103480637e-03 9.7310703155148864e-03
4.1812000000e+02 9.3349454305632594e-03 7.9620879932868118e-03
4.2173000000e+02 9.2576159189481904e-03 8.0733197699002328e-03
4.2538000000e+02 9.2266697606152148e-03 9.3322211480962886e-03
4.2905000000e+02 9.1449334103167121e-03 9.5535080703392210e-03
4.3275000000e+02 9.0391751159224869e-03 8.6134620978441656e-03
4.3649000000e+02 9.0147156619958570e-03 9.5254548985697109e-03
4.4026000000e+02 8.8927115813706350e-03 7.9960009062479756e-03
4.4406000000e+02 8.8671296332658647e-03 9.6792275532343978e-03
4.4790000000e+02 8.8127124758943659e-03 1.0261427015417183e-02
4.5176000000e+02 8.6983728157264250e-03 8.1189103104981307e-03
4.5566000000e+02 8.6474365401140452e-03 7.8789433699117603e-03
4.5960000000e+02 8.5331269189501263e-03 8.2310968408296371e-03
4.6357000000e+02 8.5066851311610854e-03 9.1423665841407382e-03
4.6757000000e+02 8.3962247428965332e-03 7.7976977907572289e-03
4.7161000000e+02 8.3471582571526936e-03 8.5979942962300729e-03
4.7568000000e+02 8.2945704130266470e-03 9.2051588977189493e-03
4.7979000000e+02 8.1852641619945248e-03 6.2256456518714901e-03
4.8393000000e+02 8.1488696394341649e-03 7.4661460506152159e-03
4.8811000000e+02 8.0806463919496953e-03 9.0052976849229766e-03
4.9232000000e+02 7.9931443916200547e-03 8.3246129427016931e-03
4.9658000000e+02 7.9675067148498365e-03 8.8327187798672453e-03
5.0086000000e+02 7.8594235000252251e-03 7.5660227162842467e-03
5.0519000000e+02 7.7609216268146892e-03 5.8146845130969830e-03
5.0955000000e+02 7.7302182064076606e-03 8.6995147755091415e-03
5.1395000000e+02 7.6937411565291573e-03 8.4989553529294902e-03
5.1839000000e+02 7.6185578622326366e-03 7.8395918283062794e-03
5.2287000000e+02 7.5325301200027794e-03 7.6122325744626858e-03
5.2738000000e+02 7.4778173654639164e-03 7.5160920884594796e-03
5.3193000000e+02 7.4046158775453305e-03 6.9710365156302103e-03
5.3653000000e+02 7.3333315082896380e-03 6.0638980117671539e-03
5.4116000000e+02 7.3110691955378983e-03 8.2515241127448201e-03
5.4583000000e+02 7.2345354705212733e-03 6.0455910454476338e-03
5.5055000000e+02 7.1724604103638508e-03 7.4297266044695493e-03
5.5530000000e+02 7.1215411977106060e-03 7.3039864634211853e-03
5.6010000000e+02 7.0474567087350694e-03 6.0147177924157330e-03
5.6493000000e+02 7.0035576444311062e-03 7.8546534546092041e-03
5.6981000000e+02 6.9175987335238064e-03 5.3603782004105864e-03
5.7473000000e+02 6.8898329109766208e-03 7.8052844590009249e-03
5.7969000000e+02 6.8131511141507504e-03 6.1702585501925075e-03
5.8470000000e+02 6.7998807171603800e-03 7.3163646935693952e-03
5.8975000000e+02 6.7302031490611373e-03 7.7602417088088078e-03
5.9484000000e+02 6.6226612444346871e-03 4.8600131565792173e-03
5.9998000000e+02 6.5715023643382079e-03 7.3339623392147928e-03
6.0516000000e+02 6.5190121384012135e-03 6.7202223870792173e-03
6.1038000000e+02 6.4692943443623403e-03 6.4604064001591126e-03
6.1565000000e+02 6.3905815127821225e-03 5.7508678660275012e-03
6.2097000000e+02 6.3670670926212428e-03 7.5581200756329806e-03
6.2633000000e+02 6.2951746163206635e-03 5.6129576363098061e-03
6.3174000000e+02 6.2342834937264991e-03 5.6130124980931732e-03
6.3719000000e+02 6.2160071977794846e-03 6.9675389248374658e-03
6.4270000000e+02 6.1405220452877369e-03 6.4811566040715975e-03
6.4825000000e+02 6.0912443504905411e-03 6.6800444252653711e-03
6.5384000000e+02 6.0070300211092619e-03 4.6259300751050701e-03
6.5949000000e+02 5.9795023340766355e-03 5.2967292855715499e-03
6.6518000000e+02 5.9391391359047479e-03 6.2543203151802533e-03
6.7093000000e+02 5.8780760587292084e-03 5.6159719090659640e-03
6.7672000000e+02 5.8632273907017283e-03 6.5929582096468800e-03
6.8257000000e+02 5.8199609060745686e-03 7.2132245799593668e-03
6.8846000000e+02 5.7330131631379913e-03 5.1689464194694590e-03
6.9440000000e+02 5.6783272321965757e-03 5.2553488089809829e-03
7.0040000000e+02 5.6502743348894532e-03 5.6100366839968597e-03
7.0645000000e+02 5.5992071598560365e-03 5.6441590490009640e-03
7.1255000000e+02 5.5235184003141471e-03 4.6982936640381770e-03
7.1870000000e+02 5.4824008317595147e-03 4.8092641815915636e-03
7.2491000000e+02 5.4492028086295437e-03 5.6342308125902456e-03
7.3117000000e+02 5.4044714053045574e-03 5.4077376343236163e-03
7.3748000000e+02 5.3543638453862818e-03 4.8039793602303125e-03
7.4385000000e+02 5.2956102475143103e-03 4.5894899718578967e-03
7.5027000000e+02 5.2625829975340137e-03 5.0884982298550832e-03
7.5675000000e+02 5.2400982624511089e-03 5.6884287566565730e-03
7.6328000000e+02 5.1945371502193482e-03 5.8228415761334808e-03
7.6988000000e+02 5.1616782676939194e-03 6.2218263731366550e-03
7.7652000000e+02 5.1053362265313989e-03 5.4474379124869986e-03
7.8323000000e+02 5.0548318798275382e-03 4.8038939821502397e-03
7.8999000000e+02 5.0404342902530437e-03 5.4155729718731883e-03
7.9681000000e+02 4.9784959203378696e-03 4.8361943497872168e-03
8.0369000000e+02 4.9271256879973675e-03 5.4154728220677248e-03
8.1063000000e+02 4.8941035984406663e-03 5.2322320488882041e-03
8.1763000000e+02 4.8302257962434623e-03 4.1219186229547160e-03
8.2469000000e+02 4.8205746471789487e-03 5.5756398557779661e-03
8.3181000000e+02 4.7578325060907119e-03 4.7909078838850143e-03
8.3900000000e+02 4.7559351016135355e-03 5.0148815939593189e-03
8.4624000000e+02 4.6923804401393628e-03 4.7310664310621694e-03
8.5355000000e+02 4.6686627229181651e-03 4.8960317070106309e-03
8.6092000000e+02 4.6104218132854069e-03 4.0964705626582824e-03
8.6835000000e+02 4.5665925348777163e-03 4.6428909905762289e-03
8.7585000000e+02 4.5339340146745982e-03 4.1572922464190301e-03
8.8342000000e+02 4.5144141995119361e-03 5.0932302046687791e-03
8.9104000000e+02 4.4830762806176315e-03 5.0708019569999634e-03
8.9874000000e+02 4.4384701508912456e-03 4.6758118049519985e-03
9.0650000000e+02 4.3878140335645377e-03 3.9260071329295957e-03
9.1433000000e+02 4.3432377986972635e-03 4.2720901827004946e-03
9.2222000000e+02 4.3085419056339905e-03 4.4014248298638124e-03
9.3018000000e+02 4.2716171372394621e-03 4.4414440692960543e-03
9.3822000000e+02 4.2459156990026989e-03 4.1033762824750466e-03
9.4632000000e+02 4.2399379192370450e-03 5.3493310834657566e-03
9.5449000000e+02 4.1922229391873171e-03 4.2357565142598268e-03
9.6273000000e+02 4.1361605043319701e-03 3.4001327078106414e-03
9.7104000000e+02 4.1020116908698613e-03 4.2756071944735560e-03
9.7943000000e+02 4.0839632193940397e-03 4.3941080731021188e-03
9.8789000000e+02 4.0381808747335466e-03 3.9813108877375537e-03
9.9642000000e+02 3.9959451453700891e-03 3.3067721508399399e-03
1.0050200000e+03 3.9953027930887969e-03 4.9145468971379218e-03
1.0137000000e+03 3.9292893840913818e-03 3.6743313675529059e-03
1.0224500000e+03 3.9069109910965828e-03 4.2795348250557180e-03
1.0312800000e+03 3.8577535555929044e-03 3.0697257558204732e-03
1.0401900000e+03 3.8311154162107099e-03 3.7137104272547653e-03
1.0491700000e+03 3.8117859188989043e-03 3.6392936454171612e-03
1.0582300000e+03 3.7866085941902832e-03 3.9912393921848980e-03
1.0673700000e+03 3.7437740798345986e-03 4.1335527780520980e-03
1.0765800000e+03 3.6948661494355080e-03 3.1140937506472970e-03
1.0858800000e+03 3.6706144229915437e-03 3.2960340113928695e-03
1.0952600000e+03 3.6476556786133752e-03 3.8029294159496454e-03
1.1047100000e+03 3.6130241402932070e-03 3.4066431715603753e-03
1.1142500000e+03 3.5768501250164723e-03 2.9259789285579364e-03
1.1238700000e+03 3.5370875540861736e-03 3.0156872480947162e-03
1.1335800000e+03 3.5080208180948399e-03 3.4895185176289111e-03
1.1433700000e+03 3.4888435801925478e-03 4.0390799803456164e-03
1.1532400000e+03 3.4703902144150520e-03 3.9964190192069843e-03
1.1632000000e+03 3.4247954383367354e-03 3.0672969449465183e-03
1.1732400000e+03 3.3974746652585654e-03 3.0454554414700804e-03
1.1833700000e+03 3.3796498355307941e-03 3.4243315934776855e-03
1.1935900000e+03 3.3306963270962478e-03 3.0161095445096955e-03
1.2039000000e+03 3.3168851106824679e-03 3.1238595989441951e-03
1.2142900000e+03 3.2851945731269530e-03 3.2777104254553516e-03
1.2247800000e+03 3.2503249485171123e-03 2.9896523871042156e-03
1.2353600000e+03 3.2349619771325465e-03 2.9716351598634764e-03
1.2460200000e+03 3.2122901633995313e-03 3.4399895864108050e-03
1.2567800000e+03 3.1629669476004340e-03 2.4852987073900098e-03
1.2676300000e+03 3.1433808232873921e-03 3.2020319670519898e-03
1.2785800000e+03 3.1151803995285911e-03 2.8886308738239968e-03
1.2896200000e+03 3.0897494778069764e-03 3.1012760352625030e-03
1.3007600000e+03 3.0649526566865447e-03 2.7225091054492927e-03
1.3119900000e+03 3.0433549110006246e-03 2.8356957950420323e-03
1.3233200000e+03 3.0241854816145555e-03 3.4929604146870102e-03
1.3347400000e+03 2.9973515749328688e-03 3.0247336613101316e-03
1.3462700000e+03 2.9618218709725071e-03 2.1405487132645134e-03
1.3579000000e+03 2.9458437578844302e-03 2.9093688641673608e-03
1.3696200000e+03 2.9317196832727693e-03 3.2679726754396149e-03
1.3814500000e+03 2.8862355098769970e-03 2.3598137391737202e-03
1.3933800000e+03 2.8742052438874527e-03 2.7508815161682225e-03
1.4054100000e+03 2.8457526122916844e-03 2.3788811436662753e-03
1.4175400000e+03 2.8221672377598435e-03 2.7553081355435197e-03
1.4297800000e+03 2.8054848568020651e-03 2.4919195404185961e-03
1.4421300000e+03 2.7840333934531125e-03 2.7543562276989763e-03
1.4545800000e+03 2.7613946834555607e-03 2.6820335032266621e-03
1.4671400000e+03 2.7434134127324802e-03 2.7151029845687976e-03
1.4798100000e+03 2.7200830726934219e-03 2.8403094903019614e-03
1.4925900000e+03 2.6962574337523696e-03 2.6979929650350321e-03
1.5054800000e+03 2.6743768616273251e-03 2.7520456993950677e-03
1.5184800000e+03 2.6408891449421954e-03 2.7579560180220420e-03
1.5315900000e+03 2.6223660276076016e-03 2.7096883265873336e-03
1.5448200000e+03 2.6061853713388360e-03 2.6566651336553033e-03
1.5581600000e+03 2.5697883426256608e-03 2.4243792485001874e-03
1.5716100000e+03 2.5604576385947634e-03 2.4448138199393609e-03
1.5851800000e+03 2.5244057636707772e-03 2.0199755890588280e-03
1.5988700000e+03 2.5107728565853327e-03 2.5429156844318100e-03
1.6126800000e+03 2.4945947435186431e-03 2.3196945060333855e-03
1.6266000000e+03 2.4775044923489673e-03 2.9396825664229284e-03
1.6406500000e+03 2.4491948726125482e-03 2.3594014479230646e-03
1.6548100000e+03 2.4308310825822874e-03 2.5800067178608920e-03
1.6691000000e+03 2.4051270658084194e-03 2.3384076738778158e-03
1.6835200000e+03 2.3913832158378142e-03 2.4868390541357560e-03
1.6980500000e+03 2.3701857471324370e-03 2.6599779609185240e-03
1.7127200000e+03 2.3388755903489015e-03 2.3585885622778142e-03
1.7275000000e+03 2.3226905904622469e-03 2.1181697157289909e-03
1.7424200000e+03 2.3021013034867930e-03 2.1760616404850647e-03
1.7574700000e+03 2.2864744196942318e-03 2.3979192215320328e-03
1.7726400000e+03 2.2610108181015309e-03 1.9594963897176013e-03
1.7879500000e+03 2.2549101734630319e-03 2.5462632420880874e-03
1.8033900000e+03 2.2394301230637139e-03 2.5516118915775579e-03
1.8189600000e+03 2.2176595701199966e-03 2.5752532076142374e-03
1.8346700000e+03 2.1914944737650927e-03 2.0903854423257612e-03
1.8505100000e+03 2.1711822985151126e-03 2.2008683123382121e-03
1.8664900000e+03 2.1547019770113548e-03 1.8706742339466397e-03
1.8826100000e+03 2.1441970097481390e-03 2.3500761330237886e-03
1.8988600000e+03 2.1196369903376980e-03 2.4672669248615203e-03
1.9152600000e+03 2.0991211870920075e-03 1.8924350402159539e-03
1.9318000000e+03 2.0839911030587203e-03 1.9269173123188967e-03
1.9484800000e+03 2.0720474997239571e-03 2.4030662581735426e-03
1.9653000000e+03 2.0439210073968967e-03 2.0119327057637722e-03
1.9822700000e+03 2.0345399243530730e-03 2.2254659160733875e-03
1.9993900000e+03 2.0194428161806007e-03 2.0063551008776227e-03
2.0166600000e+03 2.0090922919229117e-03 2.5256160580684759e-03
2.0340700000e+03 1.9888270976021302e-03 2.2075530356481638e-03
2.0516300000e+03 1.9715365191571590e-03 2.2022399542171714e-03
2.0693500000e+03 1.9480244176956012e-03 2.1441792014952272e-03
2.0872200000e+03 1.9325173595386206e-03 2.1458465906564008e-03
2.1052400000e+03 1.9128583724921065e-03 1.7042091119270849e-03
2.1234200000e+03 1.8866495612720898e-03 1.5147204850797771e-03
2.1417600000e+03 1.8818401516248100e-03 1.8606092154144303e-03
2.1602500000e+03 1.8655891427590099e-03 1.7239456956605844e-03
2.1789000000e+03 1.8493423464486358e-03 1.7945736978633477e-03
2.1977200000e+03 1.8301167513306684e-03 1.8539379871115493e-03
2.2167000000e+03 1.8113227240485242e-03 1.6449034651711053e-03
2.2358400000e+03 1.8066672997565278e-03 2.1278176354727670e-03
2.2551400000e+03 1.7917802353548829e-03 1.9392548182424179e-03
2.2746200000e+03 1.7686300454710909e-03 1.5710791031690700e-03
2.2942600000e+03 1.7644654697058031e-03 2.1269941622357753e-03
2.3140700000e+03 1.7384587901663475e-03 1.6192074602139929e-03
2.3340500000e+03 1.7287954123000756e-03 1.5582631669234582e-03
2.3542100000e+03 1.7159284911848738e-03 1.8409355742346708e-03
2.3745300000e+03 1.6981189003533602e-03 1.8047337041962445e-03
2.3950400000e+03 1.6826878408837433e-03 1.6231163376547572e-03
2.4157200000e+03 1.6780408601481964e-03 2.0995031327144102e-03
2.4365800000e+03 1.6634227954168579e-03 2.0540373388443002e-03
2.4576200000e+03 1.6382943192456785e-03 1.5030043298491648e-03
2.4788400000e+03 1.6266957782433865e-03 1.4995084751051430e-03
2.5002500000e+03 1.6120414985997004e-03 1.3086802315439828e-03
2.5218400000e+03 1.6060186604578280e-03 1.5333698895217838e-03
2.5436100000e+03 1.5868223795546484e-03 1.5475470179541655e-03
2.5655800000e+03 1.5720109005546512e-03 1.4177795547376838e-03
2.5877300000e+03 1.5616568392521355e-03 1.5110349874530621e-03
2.6100800000e+03 1.5510974650534595e-03 1.7957769095661761e-03
2.6326100000e+03 1.5386279733017249e-03 1.5918685215847970e-03
2.6553500000e+03 1.5150430424635858e-03 1.3565553720922621e-03
2.6782700000e+03 1.5100425928149597e-03 1.6859142849365283e-03
2.7014000000e+03 1.4939137740798798e-03 1.2624278279529983e-03
2.7247300000e+03 1.4793878676622376e-03 1.5370890574819859e-03
2.7482600000e+03 1.4654584742192951e-03 1.3543898284523372e-03
2.7719900000e+03 1.4518630889758105e-03 1.3864763191630191e-03
2.7959200000e+03 1.4409557270252775e-03 1.4573817918125476e-03
2.8200700000e+03 1.4369115807826866e-03 1.5878678996227146e-03
2.8444200000e+03 1.4146051870665888e-03 1.1344274765922456e-03
2.8689800000e+03 1.4124209115562239e-03 1.5137558332814008e-03
2.8937500000e+03 1.3893920649355237e-03 1.2031279424612844e-03
2.9187400000e+03 1.3819028534516702e-03 1.2833940919724895e-03
2.9439400000e+03 1.3702106803271693e-03 1.2797560990689873e-03
2.9693700000e+03 1.3596216294170431e-03 1.4030356457614118e-03
2.9950100000e+03 1.3504207532092371e-03 1.3235473575079271e-03
3.0208700000e+03 1.3382952634324904e-03 1.1571815925119581e-03
3.0469500000e+03 1.3270930368808487e-03 1.4798905050629133e-03
3.0732600000e+03 1.3136586634113698e-03 1.1676441855969265e-03
3.0998000000e+03 1.3096644899139552e-03 1.3766067246312424e-03
3.1265700000e+03 1.2961812262514407e-03 1.4119750097362255e-03
3.1535700000e+03 1.2822131650364131e-03 1.2725145813176734e-03
3.1808000000e+03 1.2661291045544913e-03 1.0951275482957051e-03
3.2082600000e+03 1.2617120898967813e-03 1.2468939897723812e-03
3.2359700000e+03 1.2458378750032262e-03 1.1294230725683585e-03
3.2639100000e+03 1.2431855154383434e-03 1.3898458150674278e-03
3.2920900000e+03 1.2344297018694588e-03 1.4358486342181255e-03
3.3205200000e+03 1.2217566022681532e-03 1.2539100507336345e-03
3.3491900000e+03 1.2096025956316069e-03 1.1421330398776147e-03
3.3781100000e+03 1.1970167229473719e-03 1.2149945666236120e-03
3.4072800000e+03 1.1925810382603182e-03 1.3031770467565439e-03
3.4367100000e+03 1.1765683397645158e-03 1.1605675398940894e-03
3.4663800000e+03 1.1662811926625881e-03 1.0719112973843314e-03
3.4963100000e+03 1.1573162918285509e-03 1.1009748721123442e-03
3.5265000000e+03 1.1478088824333843e-03 1.1495124638567561e-03
3.5569600000e+03 1.1378237212370723e-03 1.1687729023828783e-03
3.5876700000e+03 1.1326917076597642e-03 1.2854480483707451e-03
3.6186500000e+03 1.1239151828835510e-03 1.3832172779711628e-03
3.6499000000e+03 1.1094559943168555e-03 1.2305703830293175e-03
3.6814100000e+03 1.0989373384179687e-03 1.1120320530641887e-03
3.7132000000e+03 1.0864371487632010e-03 8.2987814256471029e-04
3.7452700000e+03 1.0843480617280751e-03 1.2114859122476008e-03
3.7776100000e+03 1.0699549814283051e-03 1.0763303570808548e-03
3.8102300000e+03 1.0647305891444943e-03 1.0758655296453016e-03
3.8431300000e+03 1.0572653996936926e-03 1.1336563254832786e-03
3.8763100000e+03 1.0490084895946508e-03 1.1280739209693861e-03
3.9097900000e+03 1.0407399647842357e-03 1.2528258877327609e-03
3.9435500000e+03 1.0270232843560799e-03 1.1228022094398175e-03
3.9776000000e+03 1.0197220359844151e-03 1.0871001921426153e-03
4.0119500000e+03 1.0146657127948695e-03 1.1219409650466074e-03
4.0465900000e+03 1.0050157534850365e-03 1.0575501228965716e-03
4.0815300000e+03 9.9457282859029598e-04 9.3086880591078088e-04
4.1167800000e+03 9.8360413435521175e-04 1.0690143684460541e-03
4.1523200000e+03 9.7888719516723167e-04 1.0137326750918794e-03
4.1881800000e+03 9.6525145449055227e-04 9.0977435487897128e-04
4.2243400000e+03 9.5631428699790709e-04 9.4343893687944295e-04
4.2608200000e+03 9.4692104341685874e-04 6.9653711227654397e-04
4.2976100000e+03 9.4775536517800350e-04 1.0662527272791360e-03
4.3347200000e+03 9.3446437506572639e-04 8.9938978179481335e-04
4.3721500000e+03 9.2946636308144012e-04 8.3175063358036875e-04
4.4099100000e+03 9.2094944716382572e-04 8.4481889685810319e-04
4.4479900001e+03 9.1515224012313602e-04 9.7403204549744273e-04
4.4864000001e+03 8.9980511833127733e-04 6.7650821145441012e-04
4.5251400001e+03 8.9930635511540702e-04 9.7711433592361364e-04
4.5642100001e+03 8.8863814358697323e-04 8.7059752029481057e-04
4.6036200001e+03 8.8012673869755599e-04 7.8319896742299819e-04
4.6433700001e+03 8.7743720138446326e-04 1.0564579153317438e-03
4.6834700001e+03 8.6437771849544017e-04 7.6885379458155811e-04
4.7239100001e+03 8.6365635873704417e-04 1.0715388377438534e-03
4.7647000001e+03 8.5377185486929159e-04 9.5454962645864566e-04
4.8058500001e+03 8.4517429283436588e-04 8.4064714760874416e-04
4.8473500001e+03 8.4034883839720852e-04 9.3705523178439637e-04
4.8892000001e+03 8.2704079982104037e-04 7.1602856850708446e-04
4.9314200001e+03 8.2393345811244577e-04 8.8380680386596468e-04
4.9740000001e+03 8.1695541873768836e-04 8.6089574638638063e-04
5.0169500001e+03 8.0696770044478856e-04 7.5424304894214302e-04
5.0602800001e+03 8.0758348968040501e-04 1.0039688068218466e-03
5.1039700001e+03 7.9459536154962123e-04 8.3275370442043484e-04
5.1480400001e+03 7.8748246704768866e-04 7.0069734976292719e-04
5.1925000001e+03 7.8077214737503004e-04 6.9099323329488676e-04
5.2373300001e+03 7.7664994300148020e-04 7.9101466927788901e-04
5.2825600001e+03 7.6851806043610213e-04 7.2686297590603350e-04
5.3281700001e+03 7.6234041270382882e-04 6.8745475663398756e-04
5.3741800001e+03 7.5575376601034680e-04 7.1336294888462446e-04
5.4205900001e+03 7.5014424673820214e-04 7.2241965657399566e-04
5.4674000001e+03 7.4500098503075195e-04 6.9520631841173423e-04
5.5146100001e+03 7.3769722872995462e-04 7.1628258808311784e-04
5.5622300001e+03 7.3367188529129186e-04 8.9142853719043210e-04
5.6102600001e+03 7.2292355675861880e-04 6.7301389902283109e-04
5.6587000001e+03 7.2107704388869919e-04 8.0749190527699337e-04
5.7075600001e+03 7.1517428542727183e-04 8.7844477433096364e-04
5.7568500001e+03 7.0729507563091411e-04 7.8776125855411312e-04
5.8065600001e+03 6.9949391906632427e-04 6.9326874138928474e-04
5.8567000001e+03 6.9399280439471213e-04 7.2812431671054627e-04
5.9072700001e+03 6.8554198278655961e-04 5.6252776651734282e-04
5.9582800001e+03 6.8540283961492673e-04 7.6251436921032588e-04
6.0097300001e+03 6.7473973897860752e-04 6.2860118866111896e-04
6.0616200001e+03 6.7051508896492115e-04 6.2512993663840744e-04
6.1139700001e+03 6.6214234944952130e-04 5.3963061926001255e-04
6.1667600001e+03 6.6010452293605601e-04 5.8152947695002473e-04
6.2200100001e+03 6.5269568609803799e-04 6.8021400337256259e-04
6.2737200001e+03 6.4787566162297365e-04 6.5367566579237516e-04
6.3278900001e+03 6.4534114134956445e-04 7.1333648379356355e-04
6.3825400001e+03 6.3717962040043933e-04 6.4434690365205408e-04
6.4376500001e+03 6.3071975590109125e-04 5.9589599031415472e-04
6.4932400001e+03 6.2619699162815186e-04 6.3214133828605663e-04
6.5493100001e+03 6.2293388252118134e-04 7.0754884028836949e-04
6.6058600001e+03 6.1880139786205232e-04 6.6110413643964217e-04
6.6629000001e+03 6.1076822469282330e-04 5.9418832879038137e-04
6.7204400001e+03 6.0393616462833181e-04 5.6045109321225107e-04
6.7784700001e+03 5.9897575704273630e-04 5.9726331213215389e-04
6.8370000001e+03 5.9400114566512431e-04 6.0686512701058179e-04
6.8960400001e+03 5.9150375846351818e-04 6.4775183519649357e-04
6.9555900001e+03 5.8483577421591124e-04 5.9368565597772856e-04
7.0156500001e+03 5.7838800863718113e-04 5.1985027463593647e-04
7.0762300001e+03 5.7606043034887414e-04 5.5426396308519291e-04
7.1373300001e+03 5.6996951340078947e-04 5.2823089934641600e-04
7.1989600001e+03 5.6621563290228409e-04 5.8570072180174574e-04
7.2611300001e+03 5.6325623207595312e-04 6.2384897383646186e-04
7.3238300001e+03 5.5734782885642103e-04 5.4550233639499401e-04
7.3870700001e+03 5.5232896984548359e-04 5.8770182550334281e-04
7.4508500001e+03 5.4645060804704867e-04 5.6108890896768666e-04
7.5151900001e+03 5.4354559081487000e-04 5.1607415370765060e-04
7.5800900001e+03 5.3913557678296291e-04 5.5312796505863060e-04
7.6455400001e+03 5.3110247937455187e-04 4.7840176704799472e-04
7.7115600001e+03 5.2702986420638726e-04 5.2961671989896174e-04
7.7781500001e+03 5.2252664643147426e-04 4.3224057848446662e-04
7.8453100001e+03 5.1994318022083471e-04 5.9884539565734540e-04
7.9130600001e+03 5.1623014816021902e-04 5.4932417585831686e-04
7.9813900001e+03 5.1049097524256970e-04 5.6499090148268442e-04
8.0503100001e+03 5.0788681789303665e-04 5.5534802245002252e-04
8.1198200001e+03 5.0384721457587451e-04 6.0422975674158928e-04
8.1899400001e+03 4.9571012334556283e-04 4.1975498159435099e-04
8.2606600001e+03 4.9289608427247262e-04 4.6458230185901896e-04
8.3319900001e+03 4.8764450145870097e-04 4.1989668153840103e-04
8.4039400001e+03 4.8636641586199936e-04 5.2053450391154900e-04
8.4765000001e+03 4.8274585304845482e-04 5.6998063579840816e-04
8.5497000001e+03 4.7567899211595655e-04 4.7604006443060175e-04
8.6235200001e+03 4.7227700502451157e-04 3.8121599894689511e-04
8.6979900001e+03 4.6734920689335356e-04 4.4627316512477590e-04
8.7731000001e+03 4.6651962123171070e-04 5.2734061510886505e-04
8.8488500001e+03 4.6135427794210653e-04 4.1651811163130858e-04
8.9252600001e+03 4.5649001041950992e-04 4.3181011751546364e-04
9.0023300002e+03 4.5424358490922192e-04 4.8781890037279715e-04
9.0800700002e+03 4.4918226292361833e-04 4.9189246570737865e-04
9.1584700002e+03 4.4660019407626213e-04 4.5840080967208570e-04
9.2375600002e+03 4.4195558581316106e-04 4.3849622930721224e-04
9.3173200002e+03 4.3680784746226518e-04 4.1380046720392505e-04
9.3977800002e+03 4.3345684314172520e-04 4.6655551944841371e-04
9.4789300002e+03 4.3195014036086232e-04 4.8717136097293449e-04
9.5607800002e+03 4.2672839814930614e-04 4.0738767376505318e-04
9.6433400002e+03 4.2339995438005852e-04 4.1033332556435166e-04
9.7266100002e+03 4.2068212885278751e-04 4.6019023791958776e-04
9.8106000002e+03 4.1694247741868473e-04 4.5940760703200322e-04
9.8953100002e+03 4.1182474547412745e-04 3.7253907936578192e-04
9.9807600002e+03 4.1050481071346491e-04 4.6751889592521194e-04
1.0066940000e+04 4.0475425392538837e-04 4.3888613576741422e-04
1.0153870000e+04 4.0142068344483918e-04 4.3617358980714869e-04
1.0241550000e+04 3.9870430745884983e-04 3.6560598181946142e-04
1.0329990000e+04 3.9644340185626833e-04 4.6647511624963789e-04
1.0419190000e+04 3.9101617838241924e-04 3.8341282437385192e-04
1.0509160000e+04 3.8763513288189087e-04 3.5983659192746775e-04
1.0599900000e+04 3.8569357048924688e-04 3.7067961503725426e-04
1.0691430000e+04 3.8296935402189165e-04 4.5692103047738098e-04
1.0783750000e+04 3.7736092098129213e-04 3.7279236034901532e-04
1.0876870000e+04 3.7402561414444499e-04 3.5290500293149981e-04
1.0970790000e+04 3.7285069897090685e-04 3.6996747189176461e-04
1.1065530000e+04 3.7070468269652959e-04 4.6099027400659984e-04
1.1161080000e+04 3.6414695696588596e-04 3.2858633259891322e-04
1.1257450000e+04 3.6234416573221708e-04 3.6786609436085914e-04
1.1354660000e+04 3.5936227074654623e-04 2.9648172456402447e-04
1.1452710000e+04 3.5643674149906513e-04 3.8354361653436834e-04
1.1551600000e+04 3.5535980549852332e-04 4.0863410053485692e-04
1.1651350000e+04 3.5145816797285667e-04 3.7125681588704714e-04
1.1751960000e+04 3.4816205724752525e-04 3.8013747414204817e-04
1.1853440000e+04 3.4392917742821072e-04 2.6562035675748190e-04
1.1955800000e+04 3.4305298014267839e-04 3.9538453611625754e-04
1.2059030000e+04 3.3799397080293281e-04 3.4238812004633437e-04
1.2163160000e+04 3.3477410293725391e-04 3.0524629460206156e-04
1.2268190000e+04 3.3358476362498166e-04 3.5066052370858532e-04
1.2374130000e+04 3.3088347477160465e-04 3.5362076094072083e-04
1.2480980000e+04 3.2656195618540240e-04 2.6952675494165386e-04
1.2588750000e+04 3.2516220042308301e-04 3.1886378694522585e-04
1.2697460000e+04 3.2285057372528377e-04 3.6835838948306857e-04
1.2807100000e+04 3.1870437243575314e-04 2.9869414942314780e-04
1.2917690000e+04 3.1490458069031866e-04 2.3261495439609790e-04
1.3029240000e+04 3.1391712649572572e-04 2.9409069607658428e-04
1.3141740000e+04 3.1197245269400765e-04 3.6584684675564961e-04
1.3255220000e+04 3.0894425958231036e-04 3.2413844646197190e-04
1.3369680000e+04 3.0478379485542723e-04 2.9202580182535330e-04
1.3485130000e+04 3.0328741070554782e-04 3.2029515284600886e-04
1.3601570000e+04 2.9970607392039238e-04 2.8395679414153761e-04
1.3719020000e+04 2.9869281676614108e-04 3.0982822489685879e-04
1.3837490000e+04 2.9630992504862274e-04 3.4848295433571787e-04
1.3956980000e+04 2.9224629951267613e-04 2.4154941578611666e-04
1.4077490000e+04 2.9100041797431805e-04 2.8022381206154715e-04
1.4199050000e+04 2.8838607752235584e-04 2.8587879185562625e-04
1.4321660000e+04 2.8473240670278744e-04 2.4399197601820841e-04
1.4445330000e+04 2.8368886769326737e-04 2.6287872625603575e-04
1.4570070000e+04 2.8125679762334852e-04 2.5740597807634723e-04
1.4695880000e+04 2.7776787158463346e-04 2.5152213580698248e-04
1.4822780000e+04 2.7666281607092178e-04 2.8069358168653953e-04
1.4950770000e+04 2.7384238543212561e-04 2.7766391319424233e-04
1.5079870000e+04 2.7182827462451069e-04 2.4668670021139757e-04
1.5210090000e+04 2.6794226695082979e-04 2.4704510072428578e-04
1.5341430000e+04 2.6619259074889967e-04 3.0068972642729769e-04
1.5473900000e+04 2.6387740955467536e-04 2.6757794390200703e-04
1.5607520000e+04 2.6226150078055913e-04 2.7781108766860636e-04
1.5742290000e+04 2.5824919131225890e-04 1.8436326695177131e-04
1.5878230000e+04 2.5723314331682168e-04 2.4010464343540277e-04
1.6015330000e+04 2.5489539104530225e-04 2.3598446965638476e-04
1.6153630000e+04 2.5334991020313144e-04 2.2464042868023694e-04
1.6293110000e+04 2.5037030901228893e-04 2.0739426133209633e-04
1.6433810000e+04 2.4937845056195886e-04 2.9758063030126515e-04
1.6575710000e+04 2.4608648409252476e-04 2.4764341623443106e-04
1.6718840000e+04 2.4499616727662830e-04 2.3026242570119753e-04
1.6863210000e+04 2.4213510154191738e-04 2.5926798907204202e-04
1.7008830000e+04 2.4170090294999637e-04 3.0459228727334689e-04
1.7155700000e+04 2.3917044301093406e-04 2.2072176906225965e-04
1.7303840000e+04 2.3654756201757935e-04 2.4197525756461050e-04
1.7453260000e+04 2.3415547934277676e-04 2.0543214540946387e-04
1.7603970000e+04 2.3344518799023892e-04 2.6240544700496685e-04
1.7755980000e+04 2.3091936070465102e-04 2.2511190836290218e-04
1.7909300000e+04 2.2895683525738658e-04 2.6419045294929838e-04
1.8063950000e+04 2.2684182566905397e-04 2.2496479585621415e-04
1.8219930000e+04 2.2518382193970648e-04 2.0690382279391298e-04
1.8377260000e+04 2.2261546027972385e-04 2.3416247135046701e-04
1.8535950000e+04 2.2065873738423268e-04 1.9717950220514863e-04
1.8696010000e+04 2.1867317512859404e-04 2.2189428934423348e-04
1.8857450000e+04 2.1767909038836235e-04 2.0927408176491254e-04
1.9020280000e+04 2.1621300866193403e-04 2.2940011158561303e-04
1.9184520000e+04 2.1461937506970765e-04 2.6172500003883122e-04
1.9350180000e+04 2.1189363425781700e-04 2.1026956937639739e-04
1.9517270000e+04 2.1046672799348667e-04 2.4169498681993995e-04
1.9685800000e+04 2.0745097376196700e-04 1.8395944264756696e-04
1.9855790000e+04 2.0645325784301465e-04 2.1025920271157923e-04
2.0027240000e+04 2.0528995964491208e-04 2.3164706921066181e-04
2.0200180000e+04 2.0218467403963284e-04 1.8645683890211167e-04
2.0374610000e+04 2.0154955675137003e-04 2.1315670048329495e-04
2.0550540000e+04 1.9892755669154706e-04 1.9202555695411699e-04
2.0728000000e+04 1.9811683459046209e-04 2.1774670850493639e-04
2.0906990000e+04 1.9615729313542763e-04 2.2179002300980817e-04
2.1087520000e+04 1.9400208449124655e-04 2.0483700887183171e-04
2.1269610000e+04 1.9336593268662604e-04 2.1563412441519739e-04
2.1453269999e+04 1.9086046377737520e-04 1.5758080954154406e-04
2.1638519999e+04 1.8889029233675036e-04 1.8271706980536444e-04
2.1825369999e+04 1.8837789097862716e-04 2.1781792355852298e-04
2.2013829999e+04 1.8589973981425172e-04 1.6167551430302900e-04
2.2203919999e+04 1.8468624669317301e-04 2.0726096240765993e-04
2.2395659999e+04 1.8303067194601840e-04 1.7647265893149325e-04
2.2589039999e+04 1.8098803940832628e-04 1.5392048086458859e-04
2.2784099999e+04 1.7994501133400143e-04 1.6348170602881250e-04
2.2980839999e+04 1.7865583732004734e-04 1.8097416751810489e-04
2.3179279999e+04 1.7638135790948244e-04 1.4937876104933274e-04
2.3379429999e+04 1.7492331151613573e-04 1.5907758694847754e-04
2.3581319999e+04 1.7363746300398441e-04 1.5309899438872859e-04
2.3784939999e+04 1.7259764637237145e-04 1.7419035388436974e-04
2.3990329999e+04 1.7023970203187147e-04 1.3486558425872310e-04
2.4197479999e+04 1.6853891235682350e-04 1.2485921147558079e-04
2.4406429999e+04 1.6834764445252830e-04 1.9248846456068960e-04
2.4617179999e+04 1.6624851943897493e-04 1.5434044139424891e-04
2.4829749999e+04 1.6575804100350239e-04 1.9720559241633652e-04
2.5044149999e+04 1.6402872342934649e-04 1.7815833491461176e-04
2.5260409999e+04 1.6297162982111714e-04 1.9331221423286494e-04
2.5478539999e+04 1.6130910048854942e-04 1.6092979856456032e-04
2.5698539999e+04 1.5913409814074907e-04 1.3616765698969472e-04
2.5920449999e+04 1.5839273488708365e-04 1.4172630865767578e-04
2.6144269999e+04 1.5671773857202056e-04 1.5477538642864964e-04
2.6370029999e+04 1.5549520579630967e-04 1.4379163106477140e-04
2.6597739999e+04 1.5486070931281312e-04 1.8159427019301031e-04
2.6827409999e+04 1.5238404655615543e-04 1.2352386398427635e-04
2.7059059999e+04 1.5174775288035052e-04 1.4441128678622397e-04
2.7292719999e+04 1.5033741826570615e-04 1.5153162339002222e-04
2.7528389999e+04 1.4866002253805758e-04 1.4023678864996905e-04
2.7766099998e+04 1.4826842137127745e-04 1.6604834607594372e-04
2.8005859998e+04 1.4668847283045972e-04 1.2768021431856360e-04
2.8247689998e+04 1.4555992335869042e-04 1.4419338347784912e-04
2.8491609998e+04 1.4351120419367328e-04 1.1455847471183382e-04
2.8737639998e+04 1.4227532353684643e-04 1.3041663229268561e-04
2.8985789998e+04 1.4162830425314300e-04 1.5289824238890002e-04
2.9236079998e+04 1.4052137612769448e-04 1.3778609084050215e-04
2.9488539998e+04 1.3931793014385936e-04 1.3374707414598086e-04
2.9743169998e+04 1.3749256621275785e-04 1.3151511204117076e-04
