# t E S  (m=3 n=2 eps=0.1 alpha=1 mu=1 h=0.02 seed=1) BACD splitting
# S0=0
1.0000000000e+00 9.8241756938760394e-01 5.8014665156102274e-01
1.0200000000e+00 9.7662539890817124e-01 5.9388284940409963e-01
1.0400000000e+00 9.7057289339067043e-01 6.0699453077127452e-01
1.0600000000e+00 9.6428330231835258e-01 6.1944779816809714e-01
1.0800000000e+00 9.5778254721081957e-01 6.3121319324460590e-01
1.1000000000e+00 9.5109885186251297e-01 6.4226590880432033e-01
1.1200000000e+00 9.4426233679453420e-01 6.5258595526160823e-01
1.1400000000e+00 9.3730458741280587e-01 6.6215828003123334e-01
1.1600000000e+00 9.3025820567581663e-01 6.7097283901644333e-01
1.1800000000e+00 9.2315635508260463e-01 6.7902462004460862e-01
1.2000000000e+00 9.1603230851297579e-01 6.8631361876627983e-01
1.2200000000e+00 9.0891900791402480e-01 6.9284476816999840e-01
1.2400000000e+00 9.0184864406494625e-01 6.9862782345832564e-01
1.2600000000e+00 8.9485226370693116e-01 7.0367720456948757e-01
1.2800000000e+00 8.8795941024135416e-01 7.0801179910511303e-01
1.3000000000e+00 8.8119780302351924e-01 7.1165472883148717e-01
1.3200000000e+00 8.7459305905620632e-01 7.1463308325564601e-01
1.3400000000e+00 8.6816845965979783e-01 7.1697762403683007e-01
1.3600000000e+00 8.6194476350239557e-01 7.1872246417875951e-01
1.3800000000e+00 8.5594006624738217e-01 7.1990472606119826e-01
1.4000000000e+00 8.5016970604474706e-01 7.2056418241425646e-01
1.4200000000e+00 8.4464621317735777e-01 7.2074288432104661e-01
1.4400000000e+00 8.3937930138916950e-01 7.2048478025986351e-01
1.4600000000e+00 8.3437589777817833e-01 7.1983533007289424e-01
1.4800000000e+00 8.2964020763633317e-01 7.1884111758189140e-01
1.5000000000e+00 8.2517381026050474e-01 7.1754946536972886e-01
1.5200000000e+00 8.2097578153775408e-01 7.1600805501770903e-01
1.5400000000e+00 8.1704283901604868e-01 7.1426455583904636e-01
1.5600000000e+00 8.1336950519709961e-01 7.1236626488586818e-01
1.5800000000e+00 8.0994828491805881e-01 7.1035976073654494e-01
1.6000000000e+00 8.0676985290884629e-01 7.0829057329776934e-01
1.6200000000e+00 8.0382324790638138e-01 7.0620287158642925e-01
1.6400000000e+00 8.0109607005980754e-01 7.0413917119407032e-01
1.6600000000e+00 7.9857467875550014e-01 7.0214006288497255e-01
1.6800000000e+00 7.9624438841075618e-01 7.0024396354009033e-01
1.7000000000e+00 7.9408966021435134e-01 6.9848689043505796e-01
1.7200000000e+00 7.9209428821489114e-01 6.9690225963208985e-01
1.7400000000e+00 7.9024157855924826e-01 6.9552070907306363e-01
1.7600000000e+00 7.8851452104974862e-01 6.9436994678386310e-01
1.7800000000e+00 7.8689595250825983e-01 6.9347462443699726e-01
1.8000000000e+00 7.8536871169822187e-01 6.9285623636891991e-01
1.8200000000e+00 7.8391578575490262e-01 6.9253304400825011e-01
1.8400000000e+00 7.8252044820581645e-01 6.9252002553885939e-01
1.8600000000e+00 7.8116638872686761e-01 6.9282885049508658e-01
1.8800000000e+00 7.7983783477851965e-01 6.9346787886275341e-01
1.9000000000e+00 7.7851966520704319e-01 6.9444218413704206e-01
1.9200000000e+00 7.7719751578886542e-01 6.9575359966490857e-01
1.9400000000e+00 7.7585787655443528e-01 6.9740078747438206e-01
1.9600000000e+00 7.7448818056718005e-01 6.9937932866532992e-01
1.9800000000e+00 7.7307688366967597e-01 7.0168183430631337e-01
2.0000000000e+00 7.7161353455989601e-01 7.0429807565104208e-01
2.0200000000e+00 7.7008883444117626e-01 7.0721513235742228e-01
2.0400000000e+00 7.6849468541419386e-01 7.1041755726471500e-01
2.0600000000e+00 7.6682422675859763e-01 7.1388755616281707e-01
2.0800000000e+00 7.6507185829304847e-01 7.1760518087545222e-01
2.1000000000e+00 7.6323325010816734e-01 7.2154853387955920e-01
2.1200000000e+00 7.6130533813569434e-01 7.2569398259976436e-01
2.1400000000e+00 7.5928630524325369e-01 7.3001638145264214e-01
2.1600000000e+00 7.5717554781789520e-01 7.3448929967311960e-01
2.1800000000e+00 7.5497362811037461e-01 7.3908525293688343e-01
2.2000000000e+00 7.5268221294107795e-01 7.4377593679922982e-01
2.2200000000e+00 7.5030399970151151e-01 7.4853246000287288e-01
2.2400000000e+00 7.4784263090614189e-01 7.5332557576433890e-01
2.2600000000e+00 7.4530259884270234e-01 7.5812590922945100e-01
2.2800000000e+00 7.4268914212112125e-01 7.6290417939097765e-01
2.3000000000e+00 7.4000813612072747e-01 7.6763141388309886e-01
2.3200000000e+00 7.3726597947388295e-01 7.7227915520469326e-01
2.3400000000e+00 7.3446947879654001e-01 7.7681965707298239e-01
2.3600000000e+00 7.3162573388044649e-01 7.8122606976700548e-01
2.3800000000e+00 7.2874202549912626e-01 7.8547261348289532e-01
2.4000000000e+00 7.2582570785444922e-01 7.8953473888631043e-01
2.4200000000e+00 7.2288410750919652e-01 7.9338927420815586e-01
2.4400000000e+00 7.1992443042213117e-01 7.9701455838485591e-01
2.4600000000e+00 7.1695367843564406e-01 8.0039055989125352e-01
2.4800000000e+00 7.1397857627296946e-01 8.0349898105061435e-01
2.5000000000e+00 7.1100550979331256e-01 8.0632334773061953e-01
2.5200000000e+00 7.0804047593997976e-01 8.0884908444562098e-01
2.5400000000e+00 7.0508904450896037e-01 8.1106357498330806e-01
2.5600000000e+00 7.0215633157268309e-01 8.1295620875830421e-01
2.5800000000e+00 6.9924698412380049e-01 8.1451841316650486e-01
2.6000000000e+00 6.9636517526340502e-01 8.1574367227300648e-01
2.6200000000e+00 6.9351460905200679e-01 8.1662753221437212e-01
2.6400000000e+00 6.9069853397333636e-01 8.1716759373407122e-01
2.6600000000e+00 6.8791976383248910e-01 8.1736349229971883e-01
2.6800000000e+00 6.8518070482157389e-01 8.1721686627378221e-01
2.7000000000e+00 6.8248338743712400e-01 8.1673131362730689e-01
2.7200000000e+00 6.7982950192218783e-01 8.1591233770047289e-01
2.7400000000e+00 6.7722043592949144e-01 8.1476728252585273e-01
2.7600000000e+00 6.7465731315685828e-01 8.1330525824140576e-01
2.7800000000e+00 6.7214103178819706e-01 8.1153705713162216e-01
2.8000000000e+00 6.6967230167849345e-01 8.0947506084775489e-01
2.8200000000e+00 6.6725167934481644e-01 8.0713313937246922e-01
2.8400000000e+00 6.6487959996286583e-01 8.0452654231098464e-01
2.8600000000e+00 6.6255640571555718e-01 8.0167178311019083e-01
2.8800000000e+00 6.6028236999229728e-01 7.9858651682935067e-01
2.9000000000e+00 6.5805771709095884e-01 7.9528941211075377e-01
2.9200000000e+00 6.5588263722544815e-01 7.9180001802576216e-01
2.9400000000e+00 6.5375729678686945e-01 7.8813862650063093e-01
2.9600000000e+00 6.5168184394277584e-01 7.8432613105671645e-01
2.9800000000e+00 6.4965640978433969e-01 7.8038388263048009e-01
3.0000000000e+00 6.4768110534348933e-01 7.7633354326927728e-01
3.0200000000e+00 6.4575601489948464e-01 7.7219693852840543e-01
3.0400000000e+00 6.4388118607586742e-01 7.6799590942238938e-01
3.0600000000e+00 6.4205661729340791e-01 7.6375216480806618e-01
3.0800000000e+00 6.4028224319217497e-01 7.5948713509778765e-01
3.1000000000e+00 6.3855791866612754e-01 7.5522182821709327e-01
3.1200000000e+00 6.3688340216697148e-01 7.5097668873168133e-01
3.1400000000e+00 6.3525833893103956e-01 7.4677146107264880e-01
3.1600000000e+00 6.3368224476456847e-01 7.4262505778609200e-01
3.1800000000e+00 6.3215449099009691e-01 7.3855543372267718e-01
3.2000000000e+00 6.3067429111119533e-01 7.3457946706423283e-01
3.2200000000e+00 6.2924068969591151e-01 7.3071284805743641e-01
3.2400000000e+00 6.2785255391289174e-01 7.2696997628905136e-01
3.2600000000e+00 6.2650856807990263e-01 7.2336386729285174e-01
3.2800000000e+00 6.2520723150430713e-01 7.1990606922540690e-01
3.3000000000e+00 6.2394685981078502e-01 7.1660659028649731e-01
3.3200000000e+00 6.2272558986509985e-01 7.1347383749044746e-01
3.3400000000e+00 6.2154138831575967e-01 7.1051456731755047e-01
3.3600000000e+00 6.2039206368970179e-01 7.0773384869063971e-01
3.3800000000e+00 6.1927528189523373e-01 7.0513503863143157e-01
3.4000000000e+00 6.1818858490684447e-01 7.0271977085534876e-01
3.4200000000e+00 6.1712941233348662e-01 7.0048795746303305e-01
3.4400000000e+00 6.1609512550573675e-01 6.9843780378265952e-01
3.4600000000e+00 6.1508303365892603e-01 6.9656583631052094e-01
3.4800000000e+00 6.1409042173985895e-01 6.9486694358926404e-01
3.5000000000e+00 6.1311457932492175e-01 6.9333442975476167e-01
3.5200000000e+00 6.1215283010795152e-01 6.9196008037508028e-01
3.5400000000e+00 6.1120256139775342e-01 6.9073424009951334e-01
3.5600000000e+00 6.1026125305808421e-01 6.8964590153337579e-01
3.5800000000e+00 6.0932650532754118e-01 6.8868280465637333e-01
3.6000000000e+00 6.0839606497324350e-01 6.8783154600997787e-01
3.6200000000e+00 6.0746784926035502e-01 6.8707769679345643e-01
3.6400000000e+00 6.0653996725909232e-01 6.8640592893004215e-01
3.6600000000e+00 6.0561073806129662e-01 6.8580014809513135e-01
3.6800000000e+00 6.0467870553910708e-01 6.8524363263820209e-01
3.7000000000e+00 6.0374264934764355e-01 6.8471917728011422e-01
3.7200000000e+00 6.0280159195048733e-01 6.8420924042816145e-01
3.7400000000e+00 6.0185480152952930e-01 6.8369609392319974e-01
3.7600000000e+00 6.0090179072753269e-01 6.8316197401665835e-01
3.7800000000e+00 5.9994231126050057e-01 6.8258923237041969e-01
3.8000000000e+00 5.9897634452546789e-01 6.8196048587941693e-01
3.8200000000e+00 5.9800408841540564e-01 6.8125876413514241e-01
3.8400000000e+00 5.9702594063430892e-01 6.8046765337774717e-01
3.8600000000e+00 5.9604247888010131e-01 6.7957143582451507e-01
3.8800000000e+00 5.9505443832874194e-01 6.7855522331255025e-01
3.9000000000e+00 5.9406268690811914e-01 6.7740508425271784e-01
3.9200000000e+00 5.9306819889350348e-01 6.7610816295930687e-01
3.9400000000e+00 5.9207202738638620e-01 6.7465279049450522e-01
3.9600000000e+00 5.9107527625472456e-01 6.7302858624752482e-01
3.9800000000e+00 5.9007907211461164e-01 6.7122654955390326e-01
4.0000000000e+00 5.8908453692126661e-01 6.6923914075001756e-01
4.0200000000e+00 5.8809276171148361e-01 6.6706035114995865e-01
4.0400000000e+00 5.8710478200114924e-01 6.6468576152553471e-01
4.0600000000e+00 5.8612155529135646e-01 6.6211258876416734e-01
4.0800000000e+00 5.8514394107652379e-01 6.5933972047281708e-01
4.1000000000e+00 5.8417268367954300e-01 6.5636773738786036e-01
4.1200000000e+00 5.8320839816429804e-01 6.5319892354021736e-01
4.1400000000e+00 5.8225155949700280e-01 6.4983726421125343e-01
4.1600000000e+00 5.8130249504687226e-01 6.4628843179743645e-01
4.1800000000e+00 5.8036138043580110e-01 6.4255975977993451e-01
4.2000000000e+00 5.7942823866812010e-01 6.3866020506891197e-01
4.2200000000e+00 5.7850294239705868e-01 6.3460029906096271e-01
4.2400000000e+00 5.7758521911613203e-01 6.3039208781177347e-01
4.2600000000e+00 5.7667465900285741e-01 6.2604906178467745e-01
4.2800000000e+00 5.7577072509036009e-01 6.2158607568930369e-01
4.3000000000e+00 5.7487276540063004e-01 6.1701925897315224e-01
4.3200000000e+00 5.7398002664221304e-01 6.1236591757283798e-01
4.3400000000e+00 5.7309166905545006e-01 6.0764442757115433e-01
4.3600000000e+00 5.7220678198016672e-01 6.0287412144130159e-01
4.3800000000e+00 5.7132439972384530e-01 5.9807516759086532e-01
4.4000000000e+00 5.7044351732231313e-01 5.9326844394570921e-01
4.4200000000e+00 5.6956310580920677e-01 5.8847540633813678e-01
4.4400000000e+00 5.6868212664391049e-01 5.8371795248471536e-01
4.4600000000e+00 5.6779954498921970e-01 5.7901828235725616e-01
4.4800000000e+00 5.6691434157826115e-01 5.7439875576577892e-01
4.5200000000e+00 5.6513213000020468e-01 5.6548950426562161e-01
4.5600000000e+00 5.6332799381210052e-01 5.5716676595707160e-01
4.6000000000e+00 5.6149515071344058e-01 5.4960038524846211e-01
4.6400000000e+00 5.5962759967936226e-01 5.4294893428832336e-01
4.6800000000e+00 5.5772008394428951e-01 5.3735536551555185e-01
4.7200000000e+00 5.5576797710865666e-01 5.3294297238656174e-01
4.7600000000e+00 5.5376712646910842e-01 5.2981176132964369e-01
4.8000000000e+00 5.5171369206763043e-01 5.2803533188545937e-01
4.8400000000e+00 5.4960401987071361e-01 5.2765835343356049e-01
4.8800000000e+00 5.4743458288564650e-01 5.2869471567917437e-01
4.9200000000e+00 5.4520201521317602e-01 5.3112641607840527e-01
4.9600000000e+00 5.4290325172269682e-01 5.3490323063885270e-01
5.0000000000e+00 5.4053577133406916e-01 5.3994319523370415e-01
5.0400000000e+00 5.3809792633402620e-01 5.4613390308935827e-01
5.0800000000e+00 5.3558932561423545e-01 5.5333460104004317e-01
5.1400000000e+00 5.3169705152300106e-01 5.6565960595697273e-01
5.1800000000e+00 5.2902152793940782e-01 5.7461106716126931e-01
5.2200000000e+00 5.2628895966426015e-01 5.8390386477705869e-01
5.2600000000e+00 5.2350846209073854e-01 5.9331416165279149e-01
5.3200000000e+00 5.1927328738568590e-01 6.0714802952527835e-01
5.3600000000e+00 5.1642689284642695e-01 6.1584976825053983e-01
5.4000000000e+00 5.1357984078868635e-01 6.2387721401235308e-01
5.4600000000e+00 5.0934259780385738e-01 6.3420640123589656e-01
5.5000000000e+00 5.0656245673727884e-01 6.3968335832199918e-01
5.5400000000e+00 5.0383456256314429e-01 6.4384931992796890e-01
5.6000000000e+00 4.9986658394268696e-01 6.4737131176630025e-01
5.6400000000e+00 4.9731724131682670e-01 6.4777297009309187e-01
5.6800000000e+00 4.9485199309828687e-01 6.4655838844920976e-01
5.7400000000e+00 4.9131843631363492e-01 6.4168933160523511e-01
5.7800000000e+00 4.8907288822382594e-01 6.3645754327023452e-01
5.8400000000e+00 4.8586507848719612e-01 6.2581493150505707e-01
5.8800000000e+00 4.8382851324739168e-01 6.1702156166938638e-01
5.9400000000e+00 4.8091620848042782e-01 6.0165583435123537e-01
5.9800000000e+00 4.7906358786730474e-01 5.9022310443946602e-01
6.0400000000e+00 4.7640881300831933e-01 5.7179946767206358e-01
6.1000000000e+00 4.7389430564071455e-01 5.5251245611258715e-01
6.1400000000e+00 4.7229201160157452e-01 5.3955949902828615e-01
6.2000000000e+00 4.6999410421278354e-01 5.2056574207733297e-01
6.2600000000e+00 4.6781392463540755e-01 5.0275959998965003e-01
6.3000000000e+00 4.6641827704938787e-01 4.9188960316305175e-01
6.3600000000e+00 4.6439319316305239e-01 4.7752936450441730e-01
6.4200000000e+00 4.6241699790392321e-01 4.6592976936157215e-01
6.4800000000e+00 4.6043770627453001e-01 4.5743080480690224e-01
6.5200000000e+00 4.5908341972780281e-01 4.5357878853290190e-01
6.5800000000e+00 4.5694088240213937e-01 4.5053749264697152e-01
6.6400000000e+00 4.5458777717170451e-01 4.5065299022863253e-01
6.7000000000e+00 4.5193864717294907e-01 4.5362528503039262e-01
6.7600000000e+00 4.4892189603213573e-01 4.5900088340792117e-01
6.8200000000e+00 4.4549391241925124e-01 4.6620069433810463e-01
6.8800000000e+00 4.4165117952335953e-01 4.7455597869905708e-01
6.9400000000e+00 4.3743708203277154e-01 4.8334990397918154e-01
7.0000000000e+00 4.3294104578611531e-01 4.9186162276666667e-01
7.0600000000e+00 4.2828940842960544e-01 4.9940950843829585e-01
7.1200000000e+00 4.2362944669485514e-01 5.0539032836060127e-01
7.1800000000e+00 4.1910962602006036e-01 5.0931168620646017e-01
7.2400000000e+00 4.1485992620584816e-01 5.1081589989960152e-01
7.3000000000e+00 4.1097589061110823e-01 5.0969442939169363e-01
7.3600000000e+00 4.0750901485677610e-01 5.0589286002106648e-01
7.4200000000e+00 4.0446459837437698e-01 4.9950715685731584e-01
7.4800000000e+00 4.0180664048606846e-01 4.9077237098410709e-01
7.5600000000e+00 3.9874516878577193e-01 4.7610318279486530e-01
7.6200000000e+00 3.9669947097437525e-01 4.6344269057341975e-01
7.6800000000e+00 3.9477067459387183e-01 4.4996452332306375e-01
7.7400000000e+00 3.9288125649143535e-01 4.3625399677535659e-01
7.8200000000e+00 3.9032074077826917e-01 4.1863395506985290e-01
7.8800000000e+00 3.8831794186742641e-01 4.0664554277969683e-01
7.9600000000e+00 3.8549428643675993e-01 3.9324360025491378e-01
8.0200000000e+00 3.8324310647814791e-01 3.8564681559960001e-01
8.0800000000e+00 3.8086039237398672e-01 3.8046730545424451e-01
8.1600000000e+00 3.7743539287430694e-01 3.7755522196702268e-01
8.2200000000e+00 3.7463078879439132e-01 3.7835157261307689e-01
8.3000000000e+00 3.7047876968001087e-01 3.8306333264944298e-01
8.3800000000e+00 3.6573132975123951e-01 3.9123361345703200e-01
8.4400000000e+00 3.6171111930043065e-01 3.9898723498739075e-01
8.5200000000e+00 3.5569781616741386e-01 4.1045540787646279e-01
8.6000000000e+00 3.4898684239511135e-01 4.2193106072544778e-01
8.6600000000e+00 3.4359603886180140e-01 4.2970856129506296e-01
8.7400000000e+00 3.3615632492870340e-01 4.3796842562334720e-01
8.8200000000e+00 3.2875552252798568e-01 4.4289174567577261e-01
8.9000000000e+00 3.2176870490058501e-01 4.4379197176624052e-01
8.9600000000e+00 3.1700112808891556e-01 4.4163274741534753e-01
9.0400000000e+00 3.1146703605599901e-01 4.3501204911831021e-01
9.1200000000e+00 3.0698001643974626e-01 4.2446938442108995e-01
9.2000000000e+00 3.0353063709616968e-01 4.1067324051747306e-01
9.2800000000e+00 3.0099816925252798e-01 3.9451173193435118e-01
9.3600000000e+00 2.9919205619975997e-01 3.7699780133514144e-01
9.4400000000e+00 2.9789840506335852e-01 3.5917469904415317e-01
9.5200000000e+00 2.9691958495337700e-01 3.4202975241665223e-01
9.6000000000e+00 2.9609927028486088e-01 3.2642186733824918e-01
9.6800000000e+00 2.9533069529749434e-01 3.1302609096150535e-01
9.7800000000e+00 2.9434974873792602e-01 3.0006226090481858e-01
9.8600000000e+00 2.9351073768074509e-01 2.9294488773972399e-01
9.9400000000e+00 2.9260350246249750e-01 2.8865697176241512e-01
1.0020000000e+01 2.9161033892898192e-01 2.8692293505566235e-01
1.0120000000e+01 2.9021617157633267e-01 2.8767161000795127e-01
1.0200000000e+01 2.8895402782623758e-01 2.8993526025483923e-01
1.0280000000e+01 2.8754928741365610e-01 2.9304646175973170e-01
1.0380000000e+01 2.8560471066902282e-01 2.9729848286635219e-01
1.0460000000e+01 2.8393495683974412e-01 3.0044937097739854e-01
1.0560000000e+01 2.8178881895167945e-01 3.0359612913965273e-01
1.0640000000e+01 2.8009996906634227e-01 3.0533599344596130e-01
1.0740000000e+01 2.7811907025772620e-01 3.0661642929637656e-01
1.0840000000e+01 2.7635629821504298e-01 3.0723807411047777e-01
1.0920000000e+01 2.7512483285505057e-01 3.0759849795658634e-01
1.1020000000e+01 2.7379577452700959e-01 3.0831286065674990e-01
1.1120000000e+01 2.7265373438641788e-01 3.0969098171572962e-01
1.1220000000e+01 2.7163344349235630e-01 3.1190220374220212e-01
1.1300000000e+01 2.7086181545371685e-01 3.1419214022306774e-01
1.1400000000e+01 2.6991020767684593e-01 3.1736042732561409e-01
1.1500000000e+01 2.6894270744003690e-01 3.2025713551279911e-01
1.1600000000e+01 2.6794507146236185e-01 3.2208108261815643e-01
1.1700000000e+01 2.6691684298350082e-01 3.2201396230385226e-01
1.1800000000e+01 2.6586308209526904e-01 3.1937425221894455e-01
1.1900000000e+01 2.6478700287679524e-01 3.1375713075820305e-01
1.2000000000e+01 2.6368716541113912e-01 3.0513615633088181e-01
1.2120000000e+01 2.6233215918797020e-01 2.9141454537336431e-01
1.2220000000e+01 2.6117814636054082e-01 2.7814675293498392e-01
1.2320000000e+01 2.6002003777294247e-01 2.6444331129521959e-01
1.2420000000e+01 2.5888980743391610e-01 2.5161713339024588e-01
1.2540000000e+01 2.5762623503684406e-01 2.3916939001466470e-01
1.2640000000e+01 2.5669225881533042e-01 2.3244922823498471e-01
1.2760000000e+01 2.5574218849647701e-01 2.2963729472920463e-01
1.2860000000e+01 2.5508654340228371e-01 2.3169716678330810e-01
1.2980000000e+01 2.5442156934943139e-01 2.3861872353694225e-01
1.3080000000e+01 2.5392013333036145e-01 2.4685738647319827e-01
1.3200000000e+01 2.5331677686437976e-01 2.5765831135202155e-01
1.3320000000e+01 2.5265357151865359e-01 2.6710094843404236e-01
1.3420000000e+01 2.5202327088517162e-01 2.7237366575417560e-01
1.3540000000e+01 2.5114557022529665e-01 2.7437682506177025e-01
1.3660000000e+01 2.5010856958468436e-01 2.7133077008780582e-01
1.3780000000e+01 2.4889006720668824e-01 2.6399940138586830e-01
1.3900000000e+01 2.4748920565950672e-01 2.5415095466410303e-01
1.4020000000e+01 2.4594390603739180e-01 2.4418447318666181e-01
1.4140000000e+01 2.4433455041251886e-01 2.3661679385537379e-01
1.4260000000e+01 2.4276523357008184e-01 2.3353354813928132e-01
1.4380000000e+01 2.4132909215281059e-01 2.3611646592069413e-01
1.4500000000e+01 2.4007547838477050e-01 2.4434736101833740e-01
1.4640000000e+01 2.3883018270133274e-01 2.5933357241998228e-01
1.4760000000e+01 2.3788573202520050e-01 2.7408343406659241e-01
1.4880000000e+01 2.3698193006087132e-01 2.8749079734713456e-01
1.5020000000e+01 2.3590757355590250e-01 2.9762719350848243e-01
1.5140000000e+01 2.3493501046495197e-01 2.9915348314568108e-01
1.5280000000e+01 2.3371688496912918e-01 2.9132001292244586e-01
1.5400000000e+01 2.3258703766304006e-01 2.7699994830567565e-01
1.5540000000e+01 2.3116758773373230e-01 2.5406484598616103e-01
1.5680000000e+01 2.2968904658257844e-01 2.2868029409550392e-01
1.5800000000e+01 2.2846885030616526e-01 2.0869457508543618e-01
1.5940000000e+01 2.2725152584508124e-01 1.9122082756476386e-01
1.6080000000e+01 2.2639290986448821e-01 1.8259927700657608e-01
1.6220000000e+01 2.2593121395630938e-01 1.8341536027598274e-01
1.6360000000e+01 2.2576370843016885e-01 1.9209183076702918e-01
1.6500000000e+01 2.2568415898971128e-01 2.0545993292579637e-01
1.6640000000e+01 2.2546653339649983e-01 2.1972159228026950e-01
1.6780000000e+01 2.2494273918408358e-01 2.3151383106338927e-01
1.6940000000e+01 2.2387541931279512e-01 2.3938283505972902e-01
1.7080000000e+01 2.2254595979245004e-01 2.4106715846242532e-01
1.7220000000e+01 2.2092837914086014e-01 2.3927319344926856e-01
1.7380000000e+01 2.1888985513933895e-01 2.3583842789136589e-01
1.7520000000e+01 2.1711322223592849e-01 2.3411688529969599e-01
1.7680000000e+01 2.1527871827666201e-01 2.3542576652065481e-01
1.7820000000e+01 2.1392519821057493e-01 2.3942132195639132e-01
1.7980000000e+01 2.1262444643280576e-01 2.4543796839165483e-01
1.8140000000e+01 2.1142119922469665e-01 2.4990269058873654e-01
1.8300000000e+01 2.1013233920009500e-01 2.4968065407423157e-01
1.8460000000e+01 2.0869092916067333e-01 2.4305902112733924e-01
1.8620000000e+01 2.0718533629581154e-01 2.3051903418130110e-01
1.8780000000e+01 2.0578220318619661e-01 2.1460560826542879e-01
1.8940000000e+01 2.0461516971710397e-01 1.9896433873077959e-01
1.9100000000e+01 2.0373032995750223e-01 1.8697493064676973e-01
1.9260000000e+01 2.0309470008161246e-01 1.8056508568697915e-01
1.9420000000e+01 2.0262406795345511e-01 1.7967969395353889e-01
1.9600000000e+01 2.0215220829472452e-01 1.8308912668438510e-01
1.9760000000e+01 2.0163368477592014e-01 1.8732540991593860e-01
1.9940000000e+01 2.0072850595686104e-01 1.9102838512589881e-01
2.0100000000e+01 1.9950269561908851e-01 1.9293381681260294e-01
2.0280000000e+01 1.9771729164145774e-01 1.9502323499071753e-01
2.0460000000e+01 1.9586304364848608e-01 1.9975255863224253e-01
2.0640000000e+01 1.9436330784838302e-01 2.0912693437557645e-01
2.0820000000e+01 1.9334776512287141e-01 2.2253244816312445e-01
2.1000000000e+01 1.9257657612295936e-01 2.3617420624707008e-01
2.1180000000e+01 1.9171437976808875e-01 2.4434100829674271e-01
2.1360000000e+01 1.9062278137649141e-01 2.4202810155106541e-01
2.1540000000e+01 1.8934031929192069e-01 2.2758777031732513e-01
2.1720000000e+01 1.8790178937318988e-01 2.0398084668353436e-01
2.1920000000e+01 1.8618257674479893e-01 1.7526553586664137e-01
2.2100000000e+01 1.8477132227629084e-01 1.5585589561685081e-01
2.2300000000e+01 1.8375339943913716e-01 1.4849148292551098e-01
2.2480000000e+01 1.8343047335471258e-01 1.5544207264125962e-01
2.2680000000e+01 1.8337142201993142e-01 1.7261171048033377e-01
2.2880000000e+01 1.8307254185834532e-01 1.8978688624400855e-01
2.3080000000e+01 1.8224037728154607e-01 1.9794033937759603e-01
2.3280000000e+01 1.8089417624534962e-01 1.9402911276659088e-01
2.3480000000e+01 1.7915741210054775e-01 1.8226892444733697e-01
2.3680000000e+01 1.7725897450882111e-01 1.7132089438549847e-01
2.3880000000e+01 1.7553149325194714e-01 1.6916073557354500e-01
2.4080000000e+01 1.7414726096926705e-01 1.7847929376154598e-01
2.4300000000e+01 1.7280862154249318e-01 1.9682705917219759e-01
2.4500000000e+01 1.7146119184456932e-01 2.1127787041618798e-01
2.4720000000e+01 1.6981393587296870e-01 2.1471011862230774e-01
2.4920000000e+01 1.6833394304839935e-01 2.0359086393693226e-01
2.5140000000e+01 1.6680930466653518e-01 1.8065350935448576e-01
2.5360000000e+01 1.6547317679318235e-01 1.5691052880710699e-01
2.5580000000e+01 1.6457209333823741e-01 1.4204312315908191e-01
2.5800000000e+01 1.6421928217535814e-01 1.3956948639434724e-01
2.6020000000e+01 1.6408916743228599e-01 1.4609634916976041e-01
2.6240000000e+01 1.6365086430322964e-01 1.5499296349171673e-01
2.6480000000e+01 1.6250762006103872e-01 1.6190054291119738e-01
2.6700000000e+01 1.6098991391440851e-01 1.6558773747702679e-01
2.6940000000e+01 1.5926109695808152e-01 1.7023286596540194e-01
2.7160000000e+01 1.5799712870776647e-01 1.7689400467934641e-01
2.7400000000e+01 1.5709560042609330e-01 1.8408012724751838e-01
2.7640000000e+01 1.5640350638049155e-01 1.8500136804317388e-01
2.7880000000e+01 1.5551483590465298e-01 1.7562865990364965e-01
2.8120000000e+01 1.5432930904243022e-01 1.5899784050507090e-01
2.8360000000e+01 1.5312414454085388e-01 1.4406557261892541e-01
2.8600000000e+01 1.5230913910888982e-01 1.3904863040066320e-01
2.8860000000e+01 1.5206563028499820e-01 1.4556658830180219e-01
2.9100000000e+01 1.5210781762269285e-01 1.5460131210978975e-01
2.9360000000e+01 1.5174099340468869e-01 1.5688910585219173e-01
2.9600000000e+01 1.5065765272349688e-01 1.4967572501804044e-01
2.9860000000e+01 1.4905561334062281e-01 1.4002140022830870e-01
3.0120000000e+01 1.4788478373475231e-01 1.4063400652386043e-01
3.0380000000e+01 1.4754727401894235e-01 1.5512669168645679e-01
3.0640000000e+01 1.4750559385235551e-01 1.7302015327417161e-01
3.0900000000e+01 1.4701107217892440e-01 1.7816081474006285e-01
3.1180000000e+01 1.4569718268149878e-01 1.6174580413666712e-01
3.1440000000e+01 1.4404237362087541e-01 1.3654096602766591e-01
3.1720000000e+01 1.4260886395832501e-01 1.1998601003981366e-01
3.1980000000e+01 1.4214617171270866e-01 1.2532563938659044e-01
3.2260000000e+01 1.4207066295210224e-01 1.4547402192601089e-01
3.2540000000e+01 1.4147496101848356e-01 1.6013466090733017e-01
3.2820000000e+01 1.4017411981456016e-01 1.5640055150052984e-01
3.3100000000e+01 1.3860472472570776e-01 1.4067466570067916e-01
3.3400000000e+01 1.3734349995697304e-01 1.2956625882645637e-01
3.3680000000e+01 1.3698252761923874e-01 1.3380959120887126e-01
3.3960000000e+01 1.3694504965196927e-01 1.4495677701922632e-01
3.4260000000e+01 1.3633794773375463e-01 1.4972420124204072e-01
3.4560000000e+01 1.3510862472859136e-01 1.4238847001391705e-01
3.4860000000e+01 1.3404928953102188e-01 1.3264522971628445e-01
3.5160000000e+01 1.3352815082183037e-01 1.3032387173779894e-01
3.5460000000e+01 1.3317601736918619e-01 1.3339651514131329e-01
3.5760000000e+01 1.3258474271394083e-01 1.3380012790649670e-01
3.6080000000e+01 1.3149105675450629e-01 1.3060148050888659e-01
3.6380000000e+01 1.3045273710549221e-01 1.3228510073381378e-01
3.6700000000e+01 1.2985153799940080e-01 1.4200497377839272e-01
3.7020000000e+01 1.2934509543604536e-01 1.4740381046405387e-01
3.7340000000e+01 1.2834174123066713e-01 1.3515189779498252e-01
3.7660000000e+01 1.2679219294042837e-01 1.1277808106986681e-01
3.7980000000e+01 1.2550047178169144e-01 1.0397697406684200e-01
3.8320000000e+01 1.2534802249445756e-01 1.2152669161007390e-01
3.8640000000e+01 1.2562485075884580e-01 1.4462558248069690e-01
3.8980000000e+01 1.2502894487302046e-01 1.4773128000372165e-01
3.9320000000e+01 1.2336621788775518e-01 1.2898455493628508e-01
3.9660000000e+01 1.2195769924604731e-01 1.1568263243765214e-01
4.0000000000e+01 1.2173985971478236e-01 1.2237641576393446e-01
4.0340000000e+01 1.2168929475110450e-01 1.3158455736911290e-01
4.0680000000e+01 1.2079778964041460e-01 1.2288149241167247e-01
4.1040000000e+01 1.1905657341404940e-01 1.0411716393280251e-01
4.1400000000e+01 1.1787370448846726e-01 1.0384058663181313e-01
4.1760000000e+01 1.1738374313738952e-01 1.2446309264785820e-01
4.2120000000e+01 1.1614946159958670e-01 1.3891089976901175e-01
4.2480000000e+01 1.1465219239159360e-01 1.3260519862071987e-01
4.2840000000e+01 1.1373416426930409e-01 1.1974899202282033e-01
4.3220000000e+01 1.1359231760767866e-01 1.1374779370389763e-01
4.3580000000e+01 1.1345361995675383e-01 1.0923953298154825e-01
4.3960000000e+01 1.1255668074764441e-01 1.0077531742833123e-01
4.4340000000e+01 1.1175180735434753e-01 1.0120428272917381e-01
4.4720000000e+01 1.1165673419119965e-01 1.1524084676690230e-01
4.5120000000e+01 1.1134834896692408e-01 1.2399538675156994e-01
4.5500000000e+01 1.1010486109367651e-01 1.1683834992018244e-01
4.5900000000e+01 1.0898889833116877e-01 1.1368583748872765e-01
4.6280000000e+01 1.0908411392047021e-01 1.2342372947642871e-01
4.6680000000e+01 1.0909044318716221e-01 1.2051236891556250e-01
4.7100000000e+01 1.0756869592204878e-01 9.0608999826653963e-02
4.7500000000e+01 1.0602515715589486e-01 7.5913107995302834e-02
4.7900000000e+01 1.0632217523559079e-01 1.0085072948511282e-01
4.8320000000e+01 1.0676133409383219e-01 1.3151690191564092e-01
4.8740000000e+01 1.0560418927571660e-01 1.2644625441879603e-01
4.9160000000e+01 1.0426014062535627e-01 1.0784182200910623e-01
4.9580000000e+01 1.0425398498747332e-01 1.0493165303185842e-01
5.0020000000e+01 1.0423844051017728e-01 1.0212244625706365e-01
5.0440000000e+01 1.0310386023130293e-01 8.9338598387128473e-02
5.0880000000e+01 1.0240582596538120e-01 9.0176724244435430e-02
5.1320000000e+01 1.0235679481574146e-01 1.0774248292780160e-01
5.1760000000e+01 1.0146427964286253e-01 1.1474059826524480e-01
5.2200000000e+01 1.0059237114898138e-01 1.1212287523832250e-01
5.2660000000e+01 1.0064625078014171e-01 1.1182119818349204e-01
5.3120000000e+01 1.0033298622395069e-01 9.8265037236691749e-02
5.3580000000e+01 9.8956315894293892e-02 7.9180758437336629e-02
5.4040000000e+01 9.8577772976526798e-02 8.9646851739095756e-02
5.4500000000e+01 9.8235912951797205e-02 1.1070122953132022e-01
5.4980000000e+01 9.6667490089506217e-02 1.0384949569636762e-01
5.5440000000e+01 9.5499972256693044e-02 9.7563664778687456e-02
5.5920000000e+01 9.5809416124404939e-02 1.1049416372135554e-01
5.6400000000e+01 9.5300590524777018e-02 9.9660252321928072e-02
5.6900000000e+01 9.3483606411124437e-02 7.1868409367617958e-02
5.7380000000e+01 9.3428472059008394e-02 8.3945341535802770e-02
5.7880000000e+01 9.3989794335277335e-02 1.0984209498895500e-01
5.8380000000e+01 9.2808708279433411e-02 1.0391682019949730e-01
5.8880000000e+01 9.1950697940193227e-02 9.3315147508742466e-02
5.9400000000e+01 9.1626855031933754e-02 8.9831498322261394e-02
5.9900000000e+01 9.0691146053185040e-02 8.3680422131339749e-02
6.0420000000e+01 9.0552193387041624e-02 9.1566202576865263e-02
6.0940000000e+01 9.0461787208995517e-02 9.6865173406908228e-02
6.1480000000e+01 8.9065853565865688e-02 8.6304901802503886e-02
6.2000000000e+01 8.9155767877418662e-02 9.4426618182712169e-02
6.2540000000e+01 8.9354152325654607e-02 9.6110541370206609e-02
6.3080000000e+01 8.7728469962343125e-02 7.5122343696677113e-02
6.3620000000e+01 8.7573477014887297e-02 8.7402882168838111e-02
6.4180000000e+01 8.7817436670903512e-02 1.0226339051333827e-01
6.4720000000e+01 8.6267874582557871e-02 8.2125704999434126e-02
6.5280000000e+01 8.6081608154226011e-02 8.3457487535752023e-02
6.5840000000e+01 8.6203479492661952e-02 9.0237703413047377e-02
6.6420000000e+01 8.4853848037629645e-02 7.8663639673501234e-02
6.7000000000e+01 8.4938958289286159e-02 9.0882536728733476e-02
6.7560000000e+01 8.4635262696919039e-02 9.4122816797620981e-02
6.8160000000e+01 8.3753393959918015e-02 8.1132938666965596e-02
6.8740000000e+01 8.3817167382308932e-02 7.7122491777833119e-02
6.9340000000e+01 8.2840375616693121e-02 7.5194502092303495e-02
6.9940000000e+01 8.2853715615749626e-02 9.7305045440546384e-02
7.0540000000e+01 8.2430830834702734e-02 9.3878252641444310e-02
7.1140000000e+01 8.0755819890590885e-02 6.8273223085317136e-02
7.1760000000e+01 8.1384532447976179e-02 8.2557366072465360e-02
7.2380000000e+01 8.0558749853988101e-02 7.6523024141611939e-02
7.3000000000e+01 7.9477168962446179e-02 7.8778532737164883e-02
7.3640000000e+01 7.9900270687575339e-02 9.8954390784952787e-02
7.4280000000e+01 7.8599602773552879e-02 7.5342422587311220e-02
7.4920000000e+01 7.8459007681956697e-02 6.8815652083374701e-02
7.5560000000e+01 7.8018690791176709e-02 7.2056534581638090e-02
7.6220000000e+01 7.7633828978768527e-02 8.5965421538041487e-02
7.6860000000e+01 7.7425290505344357e-02 9.0611089374567688e-02
7.7540000000e+01 7.6318056463408515e-02 7.3128702746638602e-02
7.8200000000e+01 7.6567464852284065e-02 6.9925225077115599e-02
7.8880000000e+01 7.5241980509863415e-02 6.3546727123993785e-02
7.9560000000e+01 7.5806298560575400e-02 9.4916242588543254e-02
8.0240000000e+01 7.4996653789098089e-02 8.1559126109586599e-02
8.0940000000e+01 7.3961697613695448e-02 6.3515094688980242e-02
8.1640000000e+01 7.4678509895155440e-02 7.4780192495525560e-02
8.2340000000e+01 7.3354378563043651e-02 6.7674801050125938e-02
8.3060000000e+01 7.3841097481260734e-02 8.7134996743200688e-02
8.3760000000e+01 7.2995356745909859e-02 7.5765078422183579e-02
8.4500000000e+01 7.2906924295871159e-02 6.5986985765307760e-02
8.5220000000e+01 7.2025201761599489e-02 6.3897656911092338e-02
8.5960000000e+01 7.2464640065723840e-02 8.6920039053000789e-02
8.6700000000e+01 7.1251184401580833e-02 6.9352628982515624e-02
8.7440000000e+01 7.1061142338037800e-02 7.2028870920729779e-02
8.8200000000e+01 6.9962102057300649e-02 6.3119273678335350e-02
8.8960000000e+01 6.9670070999658121e-02 7.6251930519858513e-02
8.9740000000e+01 6.9124892490060513e-02 7.2981122131524259e-02
9.0500000000e+01 6.8286439902635887e-02 6.2326395961276017e-02
9.1280000000e+01 6.8517749845451878e-02 7.2170837201108076e-02
9.2080000000e+01 6.7858294343256798e-02 6.8578222291528462e-02
9.2880000000e+01 6.7593823159142655e-02 6.6927343152907173e-02
9.3680000000e+01 6.7483519939251765e-02 6.9578386823867716e-02
9.4480000000e+01 6.6729078160164934e-02 6.1730081359889138e-02
9.5300000000e+01 6.6830618457031796e-02 7.8019669826804652e-02
9.6120000000e+01 6.5771880135844105e-02 5.7707530374522496e-02
9.6960000000e+01 6.5604829836619361e-02 6.6159488709621794e-02
9.7780000000e+01 6.4845957557191400e-02 6.8942285348677634e-02
9.8640000000e+01 6.4938278747611239e-02 7.0724175756339533e-02
9.9480000000e+01 6.4070638205325103e-02 5.4307641933341276e-02
1.0034000000e+02 6.4233414817407380e-02 6.5854874088352056e-02
1.0122000000e+02 6.3580287664117621e-02 7.1380778754211949e-02
1.0208000000e+02 6.3668343912524017e-02 6.2566073488882379e-02
1.0296000000e+02 6.2916131689988455e-02 5.6172533269385122e-02
1.0386000000e+02 6.2978615616802014e-02 6.4194908877976256e-02
1.0476000000e+02 6.2648110794724557e-02 7.5071592974384566e-02
1.0566000000e+02 6.1532510287587799e-02 5.0881822686389917e-02
1.0656000000e+02 6.1107705937777874e-02 5.9651571326259450e-02
1.0748000000e+02 6.0261837654854385e-02 6.8800176201206306e-02
1.0842000000e+02 6.0306509314946646e-02 6.1052321993436451e-02
1.0936000000e+02 5.9730906225349815e-02 5.2992038789358660e-02
1.1030000000e+02 5.9398927385263062e-02 6.0142214411171888e-02
1.1124000000e+02 5.9828873950025993e-02 7.1641926763824998e-02
1.1220000000e+02 5.8470047582416043e-02 4.5757888251829124e-02
1.1318000000e+02 5.9174475445107358e-02 6.2941431149039218e-02
1.1416000000e+02 5.8390930858677970e-02 6.3834716391151208e-02
1.1514000000e+02 5.7997334920522323e-02 5.3713626422467298e-02
1.1614000000e+02 5.7862713010321497e-02 5.7310860845110820e-02
1.1714000000e+02 5.7381233123943193e-02 6.3224290995750207e-02
1.1814000000e+02 5.6868179379862382e-02 5.0566658616127809e-02
1.1916000000e+02 5.7257260034660903e-02 6.3509043794395148e-02
1.2020000000e+02 5.6151264719854932e-02 5.3125436944862908e-02
1.2124000000e+02 5.6492310254928936e-02 5.5410061498223737e-02
1.2228000000e+02 5.6246117249881399e-02 6.1039890136515694e-02
1.2334000000e+02 5.5397408065470527e-02 5.2681793433517241e-02
1.2440000000e+02 5.5313172582280953e-02 5.3552237152973699e-02
1.2548000000e+02 5.5083765544229960e-02 5.9717662802220253e-02
1.2656000000e+02 5.4571392312524655e-02 5.6794469741265050e-02
1.2766000000e+02 5.4014391501544842e-02 4.2319573251880925e-02
1.2876000000e+02 5.4791993216190576e-02 6.9678669823751788e-02
1.2986000000e+02 5.3603234439977152e-02 4.8403994007024227e-02
1.3098000000e+02 5.3461929101669303e-02 4.6511242567471828e-02
1.3212000000e+02 5.3761821447217389e-02 6.4166838787010308e-02
1.3326000000e+02 5.3253941575125377e-02 5.1002270392177126e-02
1.3442000000e+02 5.2584018655465456e-02 4.8708691349508816e-02
1.3558000000e+02 5.2343590832984066e-02 5.6772750236429428e-02
1.3674000000e+02 5.2505160111807399e-02 4.9581147448756677e-02
1.3792000000e+02 5.1980441693272240e-02 5.7320677811257881e-02
1.3912000000e+02 5.1295627597575263e-02 4.8541765860595651e-02
1.4032000000e+02 5.1365392100261274e-02 4.7212516707069135e-02
1.4152000000e+02 5.1253778084513146e-02 5.5894861497810658e-02
1.4274000000e+02 5.1087432541320379e-02 5.4487851705503125e-02
1.4398000000e+02 5.0299955043383693e-02 4.7482837064548075e-02
1.4522000000e+02 4.9960850366166716e-02 4.7807276145760656e-02
1.4648000000e+02 5.0158813481699469e-02 4.8492634594912806e-02
1.4774000000e+02 5.0182059279530934e-02 5.7550457458359738e-02
1.4902000000e+02 4.9517549583662175e-02 4.7159446514360985e-02
1.5030000000e+02 4.9296915013820712e-02 5.1862525845827998e-02
1.5160000000e+02 4.8721741588124576e-02 4.4291348341005003e-02
1.5292000000e+02 4.8354257939441703e-02 4.3806589971055798e-02
1.5424000000e+02 4.8780435498845809e-02 5.5713316494120514e-02
1.5556000000e+02 4.8263912105684634e-02 4.7775174228165129e-02
1.5690000000e+02 4.7959192296573513e-02 5.4056951408720744e-02
1.5826000000e+02 4.7413342670071273e-02 4.1383168467890280e-02
1.5962000000e+02 4.7199750565467130e-02 5.1589594461454655e-02
1.6100000000e+02 4.6693396527992356e-02 3.8004044750178267e-02
1.6240000000e+02 4.6676767125863342e-02 4.3905869452353752e-02
1.6380000000e+02 4.6985925236556252e-02 5.4439302160127878e-02
1.6522000000e+02 4.6422983580949664e-02 4.2847027493471981e-02
1.6664000000e+02 4.6490319634702876e-02 5.3687502990579034e-02
1.6808000000e+02 4.6212365514331187e-02 4.5141895917234380e-02
1.6954000000e+02 4.5955938516160325e-02 5.5415762685380718e-02
1.7100000000e+02 4.5168898792390534e-02 4.1517185840209837e-02
1.7248000000e+02 4.4778351378685959e-02 4.4801274020339954e-02
1.7396000000e+02 4.4567815262559339e-02 4.1224089239700057e-02
1.7546000000e+02 4.4451649740865656e-02 4.7539431833535040e-02
1.7698000000e+02 4.3872430355880315e-02 3.8441668226153428e-02
1.7850000000e+02 4.3720143963149286e-02 3.9307964796451877e-02
1.8004000000e+02 4.3541658070326367e-02 3.8664196482322138e-02
1.8160000000e+02 4.3490862954411007e-02 4.4264074945636570e-02
1.8318000000e+02 4.3168898893237453e-02 3.8799425175334773e-02
1.8476000000e+02 4.2960680809303799e-02 4.4308871022782324e-02
1.8634000000e+02 4.2447659779072618e-02 3.0997241917700164e-02
1.8796000000e+02 4.2427632764964786e-02 4.2770166919349949e-02
1.8958000000e+02 4.2170686972989410e-02 3.6383095913710028e-02
1.9122000000e+02 4.2151261262486840e-02 4.7252457760899605e-02
1.9286000000e+02 4.1657313571108578e-02 3.5198044670603584e-02
1.9454000000e+02 4.1627202014091265e-02 4.5808108198503728e-02
1.9622000000e+02 4.1260096194316018e-02 3.5878373141625584e-02
1.9790000000e+02 4.1334683803508646e-02 4.2546878956884214e-02
1.9962000000e+02 4.1325280133821703e-02 4.1379400487195725e-02
2.0134000000e+02 4.1388636433770477e-02 4.7466824933732582e-02
2.0308000000e+02 4.0992623263450587e-02 4.5944237265392360e-02
2.0484000000e+02 4.0515634959707079e-02 4.1607010905553132e-02
2.0660000000e+02 4.0186402462000580e-02 4.1482870502061620e-02
2.0838000000e+02 3.9756495632096399e-02 3.8253194464550333e-02
2.1018000000e+02 3.9512515794615059e-02 3.5817229104960401e-02
2.1200000000e+02 3.9404823408430628e-02 3.9543142274566158e-02
2.1382000000e+02 3.9251520836959507e-02 3.5665409651255697e-02
2.1568000000e+02 3.9301546479525232e-02 4.4608984320976743e-02
2.1754000000e+02 3.8728856063887727e-02 3.3178947836347165e-02
2.1942000000e+02 3.8440565865085138e-02 3.4738929099352167e-02
2.2130000000e+02 3.8190400349344886e-02 3.4769409236343918e-02
2.2322000000e+02 3.8176606695631714e-02 3.4739090536897284e-02
2.2514000000e+02 3.8214423188901045e-02 4.4800555617611988e-02
2.2710000000e+02 3.7604295366443365e-02 3.1869371466155066e-02
2.2906000000e+02 3.7297848608310084e-02 3.5392011498858858e-02
2.3104000000e+02 3.7338140561012756e-02 3.7258683436981507e-02
2.3302000000e+02 3.7261196601244412e-02 3.5475904900819949e-02
2.3504000000e+02 3.6764736177938531e-02 3.3169174363105916e-02
2.3706000000e+02 3.6542046162620682e-02 3.3871726324230488e-02
2.3912000000e+02 3.6739250857678291e-02 3.7205853579310118e-02
2.4118000000e+02 3.6440320612626614e-02 3.4144590243923946e-02
2.4326000000e+02 3.6034472579852407e-02 3.5985019272469616e-02
2.4536000000e+02 3.6126390115316910e-02 3.4491637712561481e-02
2.4748000000e+02 3.6061951577104651e-02 3.5230510486869662e-02
2.4962000000e+02 3.5703500701205530e-02 3.8675085950926030e-02
2.5178000000e+02 3.5822739545094892e-02 3.5691832249806862e-02
2.5394000000e+02 3.5523898624751353e-02 3.4993959749741066e-02
2.5614000000e+02 3.5353207276554825e-02 3.9207854642509608e-02
2.5836000000e+02 3.5268032935674723e-02 3.3351145894187348e-02
2.6058000000e+02 3.4702710670187299e-02 2.9212295093262168e-02
2.6284000000e+02 3.5059015873651338e-02 3.8124746268284299e-02
2.6510000000e+02 3.4620348062866228e-02 3.4064026699187358e-02
2.6740000000e+02 3.4744908493089449e-02 3.9504043605188825e-02
2.6970000000e+02 3.4302116909702154e-02 3.3187092627123861e-02
2.7202000000e+02 3.4161472106730269e-02 3.4819808054674335e-02
2.7438000000e+02 3.3895249053117422e-02 3.6095057231298217e-02
2.7674000000e+02 3.3655370658012496e-02 3.3854990208306013e-02
2.7914000000e+02 3.3558774997578741e-02 3.0755561139618429e-02
2.8154000000e+02 3.3581697121919010e-02 3.7732119400189570e-02
2.8398000000e+02 3.3130805523939710e-02 3.4230674817700202e-02
2.8642000000e+02 3.3070942817383764e-02 3.3670621878081237e-02
2.8890000000e+02 3.2666821552710362e-02 2.9093244930546651e-02
2.9140000000e+02 3.2858413118199724e-02 3.4433731840590599e-02
2.9392000000e+02 3.2211728935295489e-02 2.8820610509122060e-02
2.9646000000e+02 3.2352346435995494e-02 3.2798146916577314e-02
2.9902000000e+02 3.2404987964825945e-02 3.7512018158413853e-02
3.0160000000e+02 3.1698081871142286e-02 2.8195556404672840e-02
3.0420000000e+02 3.1904385694986874e-02 3.0060953647522131e-02
3.0682000000e+02 3.1869420383909053e-02 3.1324136060425709e-02
3.0948000000e+02 3.1328828421859502e-02 2.8322453841871348e-02
3.1214000000e+02 3.1637738673969573e-02 3.7804001742972999e-02
3.1484000000e+02 3.1520255319713468e-02 3.7008034864567857e-02
3.1756000000e+02 3.0828905362475054e-02 2.7371459132205348e-02
3.2030000000e+02 3.0824592811235278e-02 2.9402334757170093e-02
3.2306000000e+02 3.0830383663775173e-02 3.0394016641290378e-02
3.2586000000e+02 3.0786582602633929e-02 3.3521977236689912e-02
3.2868000000e+02 3.0293732318776887e-02 2.6545651618858308e-02
3.3150000000e+02 2.9998090319947747e-02 2.3088120185969979e-02
3.3438000000e+02 3.0118595912353413e-02 2.6774069273804497e-02
3.3726000000e+02 3.0082613113452200e-02 3.1740591743645338e-02
3.4018000000e+02 3.0122266689213716e-02 3.6691972574190754e-02
3.4310000000e+02 2.9626677612388658e-02 3.3063588335591212e-02
3.4606000000e+02 2.9432936616353902e-02 3.2157655517347970e-02
3.4906000000e+02 2.9142036650199866e-02 2.9527150885183571e-02
3.5208000000e+02 2.9052829901464704e-02 2.8492391277712067e-02
3.5512000000e+02 2.8913655416402340e-02 2.8322801083264286e-02
3.5818000000e+02 2.8856802915612108e-02 2.8931283532368207e-02
3.6128000000e+02 2.8939747598035730e-02 3.3843790732962661e-02
3.6440000000e+02 2.8620510628574625e-02 2.9868544287564421e-02
3.6754000000e+02 2.8638779328334092e-02 3.3556139349143442e-02
3.7072000000e+02 2.8445457402584563e-02 3.2519525129000970e-02
3.7392000000e+02 2.8143997255666776e-02 2.7771366471905798e-02
3.7714000000e+02 2.8143228856252412e-02 3.0377420520312833e-02
3.8040000000e+02 2.7836265951250015e-02 2.5949793697160155e-02
3.8368000000e+02 2.7580540500601821e-02 2.2410755224994784e-02
3.8700000000e+02 2.7616923654116651e-02 2.5507847938966443e-02
3.9034000000e+02 2.7400194648365881e-02 2.3388318611492619e-02
3.9370000000e+02 2.7272030503227428e-02 2.3487444700095356e-02
3.9710000000e+02 2.7282353455024045e-02 2.4780567748296952e-02
4.0054000000e+02 2.7183360800061954e-02 2.7345071237575944e-02
4.0400000000e+02 2.6790644693131895e-02 2.5161186505789516e-02
4.0748000000e+02 2.6572108629673213e-02 2.4860653397612190e-02
4.1100000000e+02 2.6723777384442638e-02 2.7141756451807116e-02
4.1454000000e+02 2.6744797156528638e-02 2.7683762503993646e-02
4.1812000000e+02 2.6365629639746802e-02 2.2860343796326590e-02
4.2174000000e+02 2.6131928042338971e-02 2.3184084675838639e-02
4.2538000000e+02 2.6229944743486049e-02 2.6716638838501155e-02
4.2906000000e+02 2.6036242559512559e-02 2.7253313145608905e-02
4.3276000000e+02 2.5721784418857623e-02 2.4295296338347080e-02
4.3650000000e+02 2.5916974826101082e-02 2.6836704039143087e-02
4.4026000000e+02 2.5510928321736584e-02 2.2717698946523111e-02
4.4406000000e+02 2.5583105933398395e-02 2.7504329046431818e-02
4.4790000000e+02 2.5614847710689764e-02 2.9624124243536623e-02
4.5176000000e+02 2.5218522173864992e-02 2.3459695965672302e-02
4.5566000000e+02 2.5278370940133257e-02 2.3260889747217468e-02
4.5960000000e+02 2.4912963023373834e-02 2.4076001622016542e-02
4.6358000000e+02 2.5051350795709883e-02 2.6899828239060293e-02
4.6758000000e+02 2.4657750973449452e-02 2.2511786699084185e-02
4.7162000000e+02 2.4677354573689025e-02 2.5033479541294951e-02
4.7568000000e+02 2.4586295370577316e-02 2.6958106252820510e-02
4.7980000000e+02 2.4200468848787335e-02 1.8521659323308279e-02
4.8394000000e+02 2.4323160337652514e-02 2.2601791727136420e-02
4.8812000000e+02 2.4165512293296082e-02 2.6922942538976914e-02
4.9232000000e+02 2.4038164483956112e-02 2.4911798093075817e-02
4.9658000000e+02 2.4126148047409566e-02 2.6797934210279130e-02
5.0086000000e+02 2.3756523029240396e-02 2.2901670715940313e-02
5.0520000000e+02 2.3381441662196203e-02 1.7515473346268642e-02
5.0956000000e+02 2.3577262389955257e-02 2.6457109204076078e-02
5.1396000000e+02 2.3661940393758938e-02 2.5981635062909323e-02
5.1840000000e+02 2.3403109793155193e-02 2.4160757243990506e-02
5.2288000000e+02 2.3112450217310367e-02 2.3071845175585193e-02
5.2738000000e+02 2.3000206904426421e-02 2.3076866714148110e-02
5.3194000000e+02 2.2900459096170823e-02 2.1634363045246595e-02
5.3654000000e+02 2.2659649175231472e-02 1.8854036469520455e-02
5.4116000000e+02 2.2837944778338962e-02 2.5774047624909077e-02
5.4584000000e+02 2.2586136533101604e-02 1.9104524032880536e-02
5.5056000000e+02 2.2519288353224805e-02 2.3362158930658131e-02
5.5530000000e+02 2.2462881324483222e-02 2.3115991620277991e-02
5.6010000000e+02 2.2212828900485149e-02 1.9178828021788569e-02
5.6494000000e+02 2.2214406795145369e-02 2.4873945936040601e-02
5.6982000000e+02 2.1880303293761477e-02 1.6941995164559312e-02
5.7474000000e+02 2.1981002054285798e-02 2.4837653009432518e-02
5.7970000000e+02 2.1740303435809349e-02 1.9583200050033587e-02
5.8470000000e+02 2.1923279640280201e-02 2.3462953805023293e-02
5.8976000000e+02 2.1777567736566569e-02 2.5140627505851460e-02
5.9484000000e+02 2.1377929749889425e-02 1.5903773614806584e-02
5.9998000000e+02 2.1364448668354828e-02 2.3628716005183369e-02
6.0516000000e+02 2.1267199794733516e-02 2.2057198809923427e-02
6.1038000000e+02 2.1242428316541363e-02 2.0916913184250568e-02
6.1566000000e+02 2.0965031763498732e-02 1.9080469185500284e-02
6.2098000000e+02 2.1038287316697622e-02 2.4914572024349789e-02
6.2634000000e+02 2.0785939335708201e-02 1.8636840910592208e-02
6.3174000000e+02 2.0669958397233467e-02 1.8394806780519881e-02
6.3720000000e+02 2.0807858485463886e-02 2.3285285822976783e-02
6.4270000000e+02 2.0497977360304134e-02 2.1799953551113322e-02
6.4826000000e+02 2.0477862481893112e-02 2.2356404608098665e-02
6.5384000000e+02 2.0103572451479437e-02 1.5571882573070890e-02
6.5950000000e+02 2.0194678740570775e-02 1.7620899150489557e-02
6.6518000000e+02 2.0175962370039140e-02 2.0895406883133235e-02
6.7094000000e+02 1.9958153784384466e-02 1.9062225997271327e-02
6.7672000000e+02 2.0096852194814985e-02 2.2561471602443393e-02
6.8258000000e+02 2.0010534612616142e-02 2.4490053308815447e-02
6.8846000000e+02 1.9634335331713354e-02 1.7844634101019441e-02
6.9440000000e+02 1.9569879853771045e-02 1.8148411917524351e-02
7.0040000000e+02 1.9581408015009669e-02 1.9261651711043000e-02
7.0646000000e+02 1.9491194768764389e-02 1.9420479795998105e-02
7.1256000000e+02 1.9250188436515693e-02 1.6573457459436624e-02
7.1870000000e+02 1.9148128230902041e-02 1.6835478745169326e-02
7.2492000000e+02 1.9124696122961585e-02 1.9678813386053862e-02
7.3118000000e+02 1.9013501387649387e-02 1.8952462937806613e-02
7.3748000000e+02 1.8864628131162964e-02 1.6771838411039363e-02
7.4386000000e+02 1.8725157362539185e-02 1.6329187719789005e-02
7.5028000000e+02 1.8741653932080306e-02 1.8531013586402491e-02
7.5676000000e+02 1.8797377865741673e-02 2.0521085182625933e-02
7.6328000000e+02 1.8698936351996140e-02 2.0780123313517453e-02
7.6988000000e+02 1.8664416216416208e-02 2.2399708673957422e-02
7.7652000000e+02 1.8434240389161152e-02 1.9331679446069727e-02
7.8324000000e+02 1.8236724521331262e-02 1.7134585158635897e-02
7.9000000000e+02 1.8380878519034315e-02 1.9614019571901609e-02
7.9682000000e+02 1.8123336429776739e-02 1.7665324295201641e-02
8.0370000000e+02 1.8044257321460571e-02 1.9777738944064219e-02
8.1064000000e+02 1.8049930246654630e-02 1.9153741900939693e-02
8.1764000000e+02 1.7758586158674705e-02 1.4945719195598358e-02
8.2470000000e+02 1.7907748950994059e-02 2.0793991536425190e-02
8.3182000000e+02 1.7615925564491861e-02 1.7460392663000739e-02
8.3900000000e+02 1.7785360501962950e-02 1.8504262210497262e-02
8.4624000000e+02 1.7487234807416742e-02 1.7711757897307785e-02
8.5356000000e+02 1.7536295861660684e-02 1.8306774939437463e-02
8.6092000000e+02 1.7376185725661845e-02 1.5394891616866888e-02
8.6836000000e+02 1.7255780637068407e-02 1.7678836068792683e-02
8.7586000000e+02 1.7216126700619980e-02 1.5855040168406966e-02
8.8342000000e+02 1.7247333335113090e-02 1.9566195373317368e-02
8.9104000000e+02 1.7184105557252839e-02 1.9271683757680666e-02
8.9874000000e+02 1.7014578423210417e-02 1.7969662570964818e-02
9.0650000000e+02 1.6847618031331762e-02 1.5182961092876339e-02
9.1434000000e+02 1.6720251097451191e-02 1.6647659828733383e-02
9.2222000000e+02 1.6679830319828632e-02 1.6785270064312886e-02
9.3018000000e+02 1.6624827109313456e-02 1.7466358128749374e-02
9.3822000000e+02 1.6589937793749635e-02 1.6227773738782956e-02
9.4632000000e+02 1.6712478224447921e-02 2.0828446496179126e-02
9.5450000000e+02 1.6512881890126074e-02 1.6792424823620370e-02
9.6274000000e+02 1.6238520973190253e-02 1.3188043755840114e-02
9.7104000000e+02 1.6193251038091539e-02 1.6748055203699479e-02
9.7944000000e+02 1.6299691119924513e-02 1.7850981710253740e-02
9.8790000000e+02 1.6090778938394709e-02 1.5525685497877447e-02
9.9642000000e+02 1.5926824293314289e-02 1.3345337962016743e-02
1.0050200000e+03 1.6134129774261447e-02 1.9665844936928814e-02
1.0137000000e+03 1.5777483174792530e-02 1.4822169100304976e-02
1.0224600000e+03 1.5855732348231129e-02 1.7382775524441764e-02
1.0312800000e+03 1.5622143471638286e-02 1.2523733251439281e-02
1.0402000000e+03 1.5605390128336951e-02 1.4936785552047045e-02
1.0491800000e+03 1.5607980311048968e-02 1.4851790027277240e-02
1.0582400000e+03 1.5593235455803149e-02 1.6241855690961989e-02
1.0673800000e+03 1.5426246374597214e-02 1.6932795961697080e-02
1.0765800000e+03 1.5206513120463047e-02 1.2945078834468271e-02
1.0858800000e+03 1.5200763923514207e-02 1.3549397328992539e-02
1.0952600000e+03 1.5213222384441810e-02 1.5628935908599675e-02
1.1047200000e+03 1.5116518482645766e-02 1.4329641606628481e-02
1.1142600000e+03 1.4986296039864098e-02 1.2533270972529032e-02
1.1238800000e+03 1.4856924187456152e-02 1.2778360728765887e-02
1.1335800000e+03 1.4794662591534783e-02 1.4632407136112073e-02
1.1433800000e+03 1.4842982989705603e-02 1.7223664765034678e-02
1.1532400000e+03 1.4857293228654823e-02 1.7229102189391915e-02
1.1632000000e+03 1.4635850073339380e-02 1.3391652415039115e-02
1.1732400000e+03 1.4581868591516705e-02 1.3284763969594732e-02
1.1833800000e+03 1.4612337597216573e-02 1.4826362475951715e-02
1.1936000000e+03 1.4355738323634487e-02 1.3043530774235979e-02
1.2039000000e+03 1.4427169436622530e-02 1.3675344750436764e-02
1.2143000000e+03 1.4327236105971777e-02 1.4511917892510736e-02
1.2247800000e+03 1.4191807333286108e-02 1.3041295679593041e-02
1.2353600000e+03 1.4234693779620090e-02 1.3310481944956628e-02
1.2460200000e+03 1.4182222235944709e-02 1.5281276029728365e-02
1.2567800000e+03 1.3924353558394605e-02 1.1175573362338832e-02
1.2676400000e+03 1.3921139290267802e-02 1.4105478788244866e-02
1.2785800000e+03 1.3838604149431307e-02 1.2840027064248622e-02
1.2896200000e+03 1.3769000192282726e-02 1.3621303219611610e-02
1.3007600000e+03 1.3713695781176137e-02 1.2150789568838275e-02
1.3120000000e+03 1.3697152704780566e-02 1.2955089496471601e-02
1.3233200000e+03 1.3684642422276240e-02 1.5884150692743557e-02
1.3347400000e+03 1.3613860950686448e-02 1.3657305669988205e-02
1.3462800000e+03 1.3420227372466377e-02 9.7016897472839026e-03
1.3579000000e+03 1.3421889761950630e-02 1.3135247522869903e-02
1.3696200000e+03 1.3473814832779570e-02 1.4834241557593386e-02
1.3814600000e+03 1.3206554117421127e-02 1.1053315652045726e-02
1.3933800000e+03 1.3264173811767215e-02 1.2570689285852227e-02
1.4054200000e+03 1.3174421457679348e-02 1.1382788058940784e-02
1.4175400000e+03 1.3106150092099048e-02 1.2713753634853268e-02
1.4297800000e+03 1.3122391102989015e-02 1.1689363713025541e-02
1.4421400000e+03 1.3070726668176897e-02 1.2611879901158918e-02
1.4545800000e+03 1.3027199113811058e-02 1.2867983724518327e-02
1.4671400000e+03 1.2983845473371232e-02 1.2737452468793174e-02
1.4798200000e+03 1.2909346045799214e-02 1.3478328304918526e-02
1.4926000000e+03 1.2855874180243362e-02 1.2889262486226145e-02
1.5054800000e+03 1.2800021163130207e-02 1.3390722388080678e-02
1.5184800000e+03 1.2619907516308799e-02 1.2964691046310404e-02
1.5316000000e+03 1.2618017924000057e-02 1.2841161554897881e-02
1.5448200000e+03 1.2634368186757210e-02 1.2937051163031992e-02
1.5581600000e+03 1.2416379140440930e-02 1.2071056865527861e-02
1.5716200000e+03 1.2481174957707536e-02 1.2025375045744319e-02
1.5851800000e+03 1.2274551723599737e-02 9.9833883101588597e-03
1.5988800000e+03 1.2289306145541908e-02 1.2381037993416288e-02
1.6126800000e+03 1.2291774886752937e-02 1.1445518508939002e-02
1.6266000000e+03 1.2300458164079519e-02 1.4701885461433967e-02
1.6406600000e+03 1.2175241220066977e-02 1.1984789130046929e-02
1.6548200000e+03 1.2136138195165807e-02 1.2909386810617856e-02
1.6691000000e+03 1.2014008053782057e-02 1.1808092676669511e-02
1.6835200000e+03 1.2047620641133055e-02 1.2587955041361171e-02
1.6980600000e+03 1.1963016816183039e-02 1.3014801153818563e-02
1.7127200000e+03 1.1793195549766190e-02 1.2000843787871522e-02
1.7275000000e+03 1.1787125251851525e-02 1.0818917374831165e-02
1.7424200000e+03 1.1739144458392255e-02 1.1090895987451596e-02
1.7574800000e+03 1.1703295166697726e-02 1.2248540303169922e-02
1.7726400000e+03 1.1559989407832977e-02 9.9676558035493891e-03
1.7879600000e+03 1.1648775536580568e-02 1.2840921529439248e-02
1.8034000000e+03 1.1643124065639714e-02 1.3153051706875621e-02
1.8189600000e+03 1.1539768063320667e-02 1.3322171828690631e-02
1.8346800000e+03 1.1426610705405685e-02 1.0955469919680681e-02
1.8505200000e+03 1.1366956070286966e-02 1.1275590897093639e-02
1.8665000000e+03 1.1309523306814818e-02 9.8927065003261844e-03
1.8826200000e+03 1.1316020216489012e-02 1.2361699360408075e-02
1.8988600000e+03 1.1219667941519974e-02 1.2994445237713592e-02
1.9152600000e+03 1.1136495668917501e-02 1.0073216679878995e-02
1.9318000000e+03 1.1097282488258597e-02 1.0442172124027479e-02
1.9484800000e+03 1.1114503408548030e-02 1.2699591853085361e-02
1.9653000000e+03 1.0960366656487672e-02 1.0703514526626292e-02
1.9822800000e+03 1.0958768190247546e-02 1.1778538203813469e-02
1.9994000000e+03 1.0930709696618988e-02 1.0599635415894662e-02
2.0166600000e+03 1.0976005449306466e-02 1.3532020170084272e-02
2.0340800000e+03 1.0882003848845448e-02 1.1991563602740198e-02
2.0516400000e+03 1.0826414348989200e-02 1.1768873148725715e-02
2.0693600000e+03 1.0699344394110256e-02 1.1510840682836164e-02
2.0872200000e+03 1.0664785423838738e-02 1.1790410975772474e-02
2.1052400000e+03 1.0584211282552446e-02 9.4930563633311600e-03
2.1234200000e+03 1.0445036708578100e-02 8.7243409858036997e-03
2.1417600000e+03 1.0502820152623993e-02 1.0112626308692420e-02
2.1602600000e+03 1.0464856698209657e-02 9.6507133890762001e-03
2.1789000000e+03 1.0414742288786614e-02 1.0206811068388869e-02
2.1977200000e+03 1.0324326163040999e-02 1.0523092031957258e-02
2.2167000000e+03 1.0245827708400351e-02 9.4506665018196101e-03
2.2358400000e+03 1.0318802097534139e-02 1.2007992385903624e-02
2.2551400000e+03 1.0278400272027140e-02 1.1109933075342745e-02
2.2746200000e+03 1.0119134420000496e-02 8.9960326117907753e-03
2.2942600000e+03 1.0196149966970262e-02 1.2214471006608423e-02
2.3140800000e+03 1.0013501054742840e-02 9.2278871231215500e-03
2.3340600000e+03 1.0025240307159735e-02 9.0011367027892884e-03
2.3542200000e+03 1.0017988154728709e-02 1.0895752031043142e-02
2.3745400000e+03 9.9319617991130583e-03 1.0625692948129418e-02
2.3950400000e+03 9.8489548272389042e-03 9.4212349783445049e-03
2.4157200000e+03 9.9204887298103665e-03 1.2219964065442332e-02
2.4365800000e+03 9.8793830294626791e-03 1.2171765627648670e-02
2.4576200000e+03 9.6744237009072555e-03 8.7521007242158336e-03
2.4788400000e+03 9.6801555956738082e-03 8.9115212846945270e-03
2.5002600000e+03 9.5910722106711879e-03 7.6103973062933705e-03
2.5218400000e+03 9.6470294851470628e-03 9.0632289406988274e-03
2.5436200000e+03 9.5587346182788250e-03 9.2691113757296800e-03
2.5655800000e+03 9.5021761186124612e-03 8.8378786290710335e-03
2.5877400000e+03 9.4932972488757511e-03 9.4229515970514748e-03
2.6100800000e+03 9.4751147646359012e-03 1.0916860700468723e-02
2.6326200000e+03 9.4357838531117476e-03 9.6209421398978333e-03
2.6553600000e+03 9.2787868550041203e-03 8.4363155117564530e-03
2.6782800000e+03 9.3243337255804470e-03 1.0201373911684098e-02
2.7014000000e+03 9.2478785363217606e-03 7.9897219263694169e-03
2.7247400000e+03 9.1872638683615747e-03 9.5556801836778910e-03
2.7482600000e+03 9.1106438766812223e-03 8.2633352568712379e-03
2.7720000000e+03 9.0620345863603770e-03 8.4986600457655822e-03
2.7959200000e+03 9.0384625686827317e-03 9.3280457827453617e-03
2.8200800000e+03 9.1124082245058677e-03 1.0298633291194124e-02
2.8444200000e+03 8.9121948320981959e-03 7.0602683621114899e-03
2.8689800000e+03 9.0193012891628312e-03 9.7807526161278920e-03
2.8937600000e+03 8.8335804715473937e-03 7.7537896860353141e-03
2.9187400000e+03 8.8206580630500984e-03 7.9935607226485055e-03
2.9439400000e+03 8.7948630403957753e-03 8.2525934386779472e-03
2.9693800000e+03 8.7647553295165798e-03 9.0537685134820592e-03
2.9950200000e+03 8.7644566287115606e-03 8.5209882303579620e-03
3.0208800000e+03 8.6885693406839829e-03 7.5230227699557613e-03
3.0469600000e+03 8.6948908813890627e-03 9.9247856149791338e-03
3.0732600000e+03 8.5820812326420810e-03 7.4191988214923447e-03
3.0998000000e+03 8.6557202573720477e-03 9.0530910642041065e-03
3.1265800000e+03 8.5760873122850620e-03 9.2004033768992161e-03
3.1535800000e+03 8.4984983714480079e-03 7.9844654024760920e-03
3.1808000000e+03 8.4024080029157892e-03 7.1260539995143361e-03
3.2082600000e+03 8.4597478489868635e-03 8.3320216201639378e-03
3.2359800000e+03 8.3308072894494288e-03 7.3867139165371236e-03
3.2639200000e+03 8.4106500916634862e-03 9.2511487630996120e-03
3.2921000000e+03 8.4023239934448383e-03 9.4322837535002584e-03
3.3205200000e+03 8.3264252572785788e-03 8.4816889951177185e-03
3.3492000000e+03 8.2463867260597363e-03 7.6344687959336160e-03
3.3781200000e+03 8.1841278247731502e-03 8.2412687286857536e-03
3.4072800000e+03 8.2429424061932176e-03 8.9274226427033150e-03
3.4367200000e+03 8.1179969262972652e-03 8.2198879803873307e-03
3.4663800000e+03 8.0512088223068292e-03 7.1430209133525107e-03
3.4963200000e+03 8.0167920398352757e-03 7.3428832020529938e-03
3.5265000000e+03 8.0114546833820275e-03 8.1504307214300929e-03
3.5569600000e+03 7.9880100445507696e-03 8.4888157005812426e-03
3.5876800000e+03 7.9763031015421312e-03 8.6557261107931566e-03
3.6186600000e+03 7.9917449676585959e-03 9.8271349501266418e-03
3.6499000000e+03 7.8858845116381547e-03 8.8345489433788761e-03
3.6814200000e+03 7.8307275649190551e-03 7.8786626212074308e-03
3.7132000000e+03 7.7551829418067240e-03 6.1350822329989691e-03
3.7452800000e+03 7.8228280838875709e-03 8.8582734552950324e-03
3.7776200000e+03 7.6900175529740593e-03 7.5197556708021130e-03
3.8102400000e+03 7.7150234304500338e-03 7.7817880967684530e-03
3.8431400000e+03 7.7115050189136228e-03 8.2045491596878309e-03
3.8763200000e+03 7.6882448680760862e-03 8.3129152798240395e-03
3.9098000000e+03 7.6350226015613476e-03 8.8896943331273817e-03
3.9435600000e+03 7.5549016718902380e-03 8.3611155661581123e-03
3.9776000000e+03 7.5184423220403225e-03 7.8772356999798447e-03
4.0119600000e+03 7.5509454260437843e-03 8.3684528521671409e-03
4.0466000000e+03 7.5158677875918484e-03 8.1144232634140952e-03
4.0815400000e+03 7.4377999030647039e-03 6.9685210887665792e-03
4.1167800000e+03 7.3592437842179177e-03 7.9665953209936465e-03
4.1523200000e+03 7.4065312226575773e-03 7.7231339909400454e-03
4.1881800000e+03 7.2906018599879982e-03 7.1052397413804130e-03
4.2243400000e+03 7.2399342950803169e-03 7.2835704282728786e-03
4.2608200000e+03 7.1874550128598587e-03 5.4974154158272288e-03
4.2976200000e+03 7.2835279626919042e-03 7.8571191660333078e-03
4.3347200000e+03 7.1582670762064243e-03 6.6685660642468274e-03
4.3721600000e+03 7.1529245592429147e-03 6.0432766449034355e-03
4.4099200000e+03 7.1265356425424271e-03 6.5399422268383710e-03
4.4480000000e+03 7.1184360776165648e-03 7.3622787884859214e-03
4.4864000000e+03 6.9887184810868801e-03 5.5944708780705519e-03
4.5251400000e+03 7.0492678721414421e-03 7.4988392372229169e-03
4.5642200000e+03 6.9969491788759676e-03 6.9278945372818678e-03
4.6036200000e+03 6.9602189513442107e-03 6.5113598419549897e-03
4.6433800000e+03 7.0018717336183586e-03 8.4300516452194517e-03
4.6834800000e+03 6.8423040163795891e-03 5.9163035018908435e-03
4.7239200000e+03 6.9451716874031890e-03 8.3416633035136821e-03
4.7647000000e+03 6.8911930676524291e-03 7.8175487035166830e-03
4.8058600000e+03 6.8402183702604581e-03 7.1266287455781872e-03
4.8473600000e+03 6.7933385608618209e-03 7.1724027918568271e-03
4.8892000000e+03 6.7069783532941341e-03 6.1392689528438254e-03
4.9314200000e+03 6.6993711574434159e-03 6.8023991750850842e-03
4.9740000000e+03 6.6767539174876402e-03 6.9701217723076182e-03
5.0169600000e+03 6.6352280663589001e-03 6.7962049013743989e-03
5.0602800000e+03 6.6933957064433391e-03 8.0552653491340609e-03
5.1039800000e+03 6.5922308497664006e-03 7.1903558163111383e-03
5.1480400000e+03 6.5609746364399179e-03 6.2364056167288975e-03
5.1925000000e+03 6.5319000102703377e-03 6.1243112148579582e-03
5.2373400000e+03 6.4885640047896015e-03 6.2336454108325896e-03
5.2825600000e+03 6.4880690050130056e-03 6.5290885595997196e-03
5.3281800000e+03 6.4696424271903294e-03 6.1657791489642799e-03
5.3741800000e+03 6.4241097530717698e-03 6.1583590206008357e-03
5.4206000000e+03 6.3561959349813157e-03 5.5283756826035868e-03
5.4674000000e+03 6.3853032945575929e-03 5.9017453063538606e-03
5.5146200000e+03 6.3470149902476319e-03 6.2263937220179040e-03
5.5622400000e+03 6.3453456361693755e-03 7.5489514300402828e-03
5.6102600000e+03 6.2267458278729296e-03 5.6440188537463208e-03
5.6587000000e+03 6.2771348545161022e-03 6.7247136541205201e-03
5.7075600000e+03 6.2643590910042655e-03 7.4637468462881926e-03
5.7568600000e+03 6.1791243012744787e-03 6.4874423739459171e-03
5.8065600000e+03 6.1735113490436477e-03 6.5041865905183698e-03
5.8567000000e+03 6.1259522874744961e-03 6.2758392263799565e-03
5.9072800000e+03 6.0767193198304091e-03 5.5245845641159960e-03
5.9582800000e+03 6.1357027964703522e-03 6.7442258522889872e-03
6.0097400000e+03 5.9992571057390027e-03 5.5370182005890596e-03
6.0616200000e+03 5.9918721267855513e-03 5.4193311806663320e-03
6.1139800000e+03 5.9486280014948260e-03 5.1353821585938941e-03
6.1667600000e+03 5.9804981059359266e-03 5.3708404116425083e-03
6.2200200000e+03 5.9594209373817781e-03 6.8085482005986030e-03
6.2737200000e+03 5.9234201111007983e-03 6.1897427957908358e-03
6.3279000000e+03 5.9213236616984296e-03 6.3127818612847631e-03
6.3825400000e+03 5.8820696482927157e-03 6.2660490350931750e-03
6.4376600000e+03 5.8196473200814464e-03 5.7459465900260853e-03
6.4932400000e+03 5.8241286347819280e-03 6.2391247675694442e-03
6.5493200001e+03 5.7709166853072372e-03 5.9819745087595650e-03
6.6058600001e+03 5.7748235215786797e-03 5.5307302431851779e-03
6.6629000001e+03 5.6938163650934927e-03 5.2182174942775068e-03
6.7204400001e+03 5.7087978264428393e-03 5.7297725053436525e-03
6.7784800001e+03 5.6371388784767582e-03 5.4513497425612342e-03
6.8370000001e+03 5.6283993888850796e-03 5.7687212806122930e-03
6.8960400001e+03 5.6513222254520358e-03 6.0363470641321840e-03
6.9556000001e+03 5.6229003898099605e-03 6.0280915998538100e-03
7.0156600001e+03 5.5748486130744006e-03 5.6809635594624623e-03
7.0762400001e+03 5.5387636960334075e-03 5.0156425606998050e-03
7.1373400001e+03 5.5553263905880300e-03 5.6283983387577265e-03
7.1989600001e+03 5.5302591718946713e-03 5.7600992840071107e-03
7.2611400001e+03 5.4834778797517945e-03 5.3728159985229895e-03
7.3238400001e+03 5.4828904561050260e-03 5.2279635046863053e-03
7.3870800001e+03 5.4438488935159377e-03 5.7984731483186995e-03
7.4508600001e+03 5.3805405512558054e-03 5.2957688273537491e-03
7.5152000001e+03 5.3789874801695023e-03 4.7471648060641910e-03
7.5801000001e+03 5.3445285704405076e-03 4.8251294001204629e-03
7.6455400001e+03 5.3318156153931203e-03 5.2155745751040136e-03
7.7115600001e+03 5.2869043472486693e-03 5.4170567547630845e-03
7.7781600001e+03 5.2780616346164086e-03 4.5773654086434870e-03
7.8453200001e+03 5.2509826047053947e-03 5.8745963326776226e-03
7.9130600001e+03 5.2218253481108763e-03 5.1058455151753784e-03
7.9814000001e+03 5.1981735244439964e-03 5.5837701346981858e-03
8.0503200001e+03 5.1822025161991567e-03 5.0271959635861960e-03
8.1198200001e+03 5.1773013271191916e-03 5.7998130532175051e-03
8.1899400001e+03 5.1330638040088909e-03 4.8072653447339391e-03
8.2606600001e+03 5.0937431013764762e-03 4.6933327719460155e-03
8.3320000001e+03 5.0729349066597172e-03 4.4858345755048106e-03
8.4039400001e+03 5.0595538533258384e-03 4.8543003407617181e-03
8.4765000001e+03 5.0534331164080867e-03 5.4098457740753836e-03
8.5497000001e+03 5.0135844174744818e-03 5.3460408571641962e-03
8.6235200001e+03 4.9533069688894827e-03 3.6674336065866996e-03
8.6980000001e+03 4.9440033749497568e-03 4.8569656539660007e-03
8.7731000001e+03 5.0018527883010332e-03 5.5979507584071660e-03
8.8488600001e+03 4.9519411472820039e-03 4.4138198658069464e-03
8.9252600001e+03 4.8973106037323291e-03 4.7475565881687377e-03
9.0023400001e+03 4.8782734703051722e-03 4.7619105394518108e-03
9.0800800001e+03 4.8740240586559319e-03 5.3827136025448941e-03
9.1584800001e+03 4.8525966987023918e-03 4.5736074449647009e-03
9.2375600001e+03 4.7981541923897801e-03 4.3742621021147865e-03
9.3173200001e+03 4.8224208137670451e-03 5.0683109169331331e-03
9.3977800001e+03 4.8028197115086661e-03 5.5264420154806614e-03
9.4789400001e+03 4.7772943923097277e-03 5.0561618152750029e-03
9.5607800001e+03 4.7487553677929882e-03 4.5740107169301193e-03
9.6433400001e+03 4.7020612289585002e-03 4.3509102364847159e-03
9.7266200001e+03 4.7108729167415183e-03 4.7919276070680526e-03
9.8106000001e+03 4.6557402383819741e-03 4.4444648761030750e-03
9.8953200001e+03 4.6772864505014366e-03 4.7049010024703807e-03
9.9807600001e+03 4.6506375380248755e-03 4.6428818794766163e-03
1.0066940000e+04 4.6223970101384572e-03 5.2050273825266762e-03
1.0153880000e+04 4.6336438319230346e-03 5.4701234921257233e-03
1.0241560000e+04 4.5435755254004543e-03 3.8091323974506004e-03
1.0330000000e+04 4.5580481020786288e-03 5.0100781725047035e-03
1.0419200000e+04 4.5555899380951533e-03 4.9673963120747296e-03
1.0509160000e+04 4.5275640938091709e-03 4.5665317503498113e-03
1.0599900000e+04 4.4792477069278726e-03 4.0565076229548717e-03
1.0691440000e+04 4.4696122308816666e-03 4.9458212662899679e-03
1.0783760000e+04 4.4804401117417448e-03 5.1877605691198507e-03
1.0876880000e+04 4.4410273144182694e-03 4.8210326711957043e-03
1.0970800000e+04 4.3868337785488163e-03 3.8346581180100751e-03
1.1065540000e+04 4.4047168123302789e-03 5.0402021445340450e-03
1.1161080000e+04 4.3933380179201498e-03 4.9150551890423033e-03
1.1257460000e+04 4.3983463172069959e-03 5.0581680184266118e-03
1.1354660000e+04 4.2986578068563309e-03 3.3493706141818863e-03
1.1452720000e+04 4.3186137517714955e-03 4.8808900427710685e-03
1.1551600000e+04 4.2996238984653792e-03 4.2694646089363620e-03
1.1651360000e+04 4.2459731984483100e-03 3.7311577789034310e-03
1.1751960000e+04 4.2757924434937257e-03 4.6203431351102900e-03
1.1853440000e+04 4.1934085332669411e-03 3.1935092765578905e-03
1.1955800000e+04 4.2235306940208049e-03 4.3931763108121455e-03
1.2059040000e+04 4.2097088179392393e-03 4.7688615636050239e-03
1.2163160000e+04 4.1718582130119497e-03 4.2452540372792131e-03
1.2268200000e+04 4.1687773038011407e-03 4.1540533680576135e-03
1.2374140000e+04 4.1418553902941484e-03 4.2923398233186815e-03
1.2480980000e+04 4.1362666362771668e-03 3.7211219155145921e-03
1.2588760000e+04 4.0954947172656530e-03 3.6742823227793398e-03
1.2697460000e+04 4.1185738624451981e-03 4.3088168230651586e-03
1.2807100000e+04 4.0493143461294472e-03 3.8625926649410065e-03
1.2917700000e+04 4.0292288057841956e-03 3.5221769479897519e-03
1.3029240000e+04 4.0166276011042116e-03 3.5763638988432654e-03
1.3141740000e+04 4.0105209278355446e-03 4.2071668174358725e-03
1.3255220000e+04 3.9680217378950684e-03 3.6418825918166278e-03
1.3369680000e+04 4.0085951438325537e-03 4.4405693643012880e-03
1.3485140000e+04 3.9942909893133632e-03 4.3954695712848353e-03
1.3601580000e+04 3.9593284259083665e-03 4.0956485665129515e-03
1.3719020000e+04 3.9137331223951860e-03 3.5254991337548731e-03
1.3837500000e+04 3.9140729678277661e-03 4.3544219406579021e-03
1.3956980000e+04 3.9174652481343032e-03 3.6232765114875185e-03
1.4077500000e+04 3.8507447336952622e-03 3.2063423687148634e-03
1.4199060000e+04 3.8407581443798446e-03 3.5679242798507555e-03
1.4321660000e+04 3.8492623843952032e-03 3.5120374619455573e-03
1.4445340000e+04 3.7966349292992280e-03 2.9260076039246681e-03
1.4570080000e+04 3.7676414436270253e-03 2.8174577138174763e-03
1.4695880000e+04 3.8105779242099567e-03 3.7465121148280681e-03
1.4822780000e+04 3.7501149415013800e-03 3.2142905313231112e-03
1.4950780000e+04 3.7455027055983223e-03 3.6935476861042708e-03
1.5079880000e+04 3.7243751588208465e-03 2.9305501710401530e-03
1.5210100000e+04 3.7357436242325633e-03 3.9372364174379872e-03
1.5341440000e+04 3.7486483233998558e-03 4.7856819624188607e-03
1.5473900000e+04 3.7111899479883729e-03 4.0151869944710546e-03
1.5607520000e+04 3.6691235517579855e-03 3.9829109122226326e-03
1.5742300000e+04 3.6650195311071936e-03 3.4173204104236687e-03
1.5878240000e+04 3.6560816751072412e-03 3.4939192870371591e-03
1.6015340000e+04 3.6530919075906431e-03 3.8709728770112786e-03
1.6153640000e+04 3.5931252658930406e-03 3.1170285582901212e-03
1.6293120000e+04 3.6088328285187659e-03 3.3677395950848011e-03
1.6433820000e+04 3.6237699574580562e-03 4.2962189742183892e-03
1.6575720000e+04 3.5911294973486230e-03 4.2547276570209496e-03
1.6718840000e+04 3.5366541980511230e-03 3.2140770272237103e-03
1.6863220000e+04 3.5617420446455257e-03 4.3318744848648049e-03
1.7008840000e+04 3.5292074550914627e-03 4.0009149063259565e-03
1.7155700000e+04 3.4777177559487528e-03 2.5439605504447450e-03
1.7303840000e+04 3.5026583741822144e-03 3.5205911589094585e-03
1.7453260000e+04 3.4767143059486480e-03 3.2140096797289778e-03
1.7603980000e+04 3.4387783153679084e-03 3.0389771882460828e-03
1.7755980000e+04 3.4309468693377791e-03 3.1995897151239272e-03
1.7909300000e+04 3.4266608040874700e-03 3.8445713667535145e-03
1.8063960000e+04 3.4008608280300654e-03 3.3626744125117560e-03
1.8219940000e+04 3.3627622671073918e-03 2.5753441257776915e-03
1.8377260000e+04 3.3871745274733260e-03 3.5233526138993203e-03
1.8535960000e+04 3.3597914807729865e-03 3.2880037943881016e-03
1.8696020000e+04 3.3601457358612774e-03 3.3830067800447458e-03
1.8857460000e+04 3.3186852035939113e-03 2.6536164146612543e-03
1.9020280000e+04 3.2928669705235558e-03 2.8106392826393722e-03
1.9184520000e+04 3.2891820732973767e-03 3.1978954266963151e-03
1.9350180000e+04 3.2770117947348559e-03 3.2487301215589899e-03
1.9517280000e+04 3.2592883306389268e-03 3.2055795468466774e-03
1.9685800000e+04 3.2703426087382788e-03 3.1534132969685564e-03
1.9855800000e+04 3.2535412407338907e-03 3.3103323731165026e-03
2.0027240000e+04 3.2221331777184076e-03 2.9934344161782326e-03
2.0200180000e+04 3.2315880706861484e-03 3.3191535728031400e-03
2.0374620000e+04 3.1867713827283014e-03 3.0738240667905346e-03
2.0550540000e+04 3.2086515040016398e-03 3.5491620423589039e-03
2.0728000000e+04 3.1638002909901769e-03 2.8886494113335975e-03
2.0907000000e+04 3.1796707389898757e-03 4.0005726272678366e-03
2.1087520000e+04 3.1779707393416331e-03 3.5343669571988954e-03
2.1269620000e+04 3.1198000730307267e-03 2.8251849750067434e-03
2.1453280000e+04 3.1203938862804448e-03 2.7776634166096267e-03
2.1638520000e+04 3.1232298366295299e-03 3.1578704363676600e-03
2.1825380000e+04 3.0752885675911219e-03 3.1022768096059103e-03
2.2013840000e+04 3.0909149864246461e-03 3.0816688268335318e-03
2.2203920000e+04 3.0758237806148715e-03 3.2715507616138092e-03
2.2395660000e+04 3.0657229780950185e-03 3.3587199634873754e-03
2.2589040000e+04 3.0302675303750170e-03 2.6116272802853419e-03
2.2784100000e+04 3.0254083156505927e-03 2.8519186103231329e-03
2.2980840000e+04 3.0053148665948634e-03 2.7597191453655585e-03
2.3179280000e+04 2.9894703863792465e-03 2.4105999254271761e-03
2.3379440000e+04 3.0090016399041729e-03 3.3054856252379044e-03
2.3581320000e+04 2.9897785283541319e-03 3.0842283637317258e-03
2.3784940000e+04 2.9819581341732427e-03 3.1297717650413722e-03
2.3990340000e+04 2.9671694148911123e-03 3.1051671041011325e-03
2.4197480000e+04 2.9415720450544553e-03 2.6789750817256095e-03
2.4406440000e+04 2.9164731222326018e-03 3.2923109330595126e-03
2.4617180000e+04 2.9191556339396019e-03 2.9555895023528189e-03
2.4829760000e+04 2.9051555739911888e-03 3.3515052292361837e-03
2.5044160000e+04 2.8681845747115494e-03 2.8889722900352424e-03
2.5260420000e+04 2.8553373563355942e-03 2.7414025621564928e-03
2.5478540000e+04 2.8530943596596554e-03 2.7735042698897351e-03
2.5698540000e+04 2.8543677847688111e-03 2.7850997895129959e-03
2.5920460000e+04 2.8143161137749971e-03 2.4339710568523193e-03
2.6144280000e+04 2.8103710681737998e-03 2.7241891868593315e-03
2.6370040000e+04 2.7798202227283650e-03 2.2842799999592839e-03
2.6597740000e+04 2.8083228411106293e-03 3.0545499285315096e-03
2.6827420000e+04 2.7764876550287576e-03 2.2974148869831035e-03
2.7059060000e+04 2.7846602287460998e-03 2.7220705736267108e-03
2.7292720001e+04 2.7833659729447372e-03 3.1995661178201617e-03
2.7528400001e+04 2.7416429213236917e-03 2.6425063870585035e-03
2.7766100001e+04 2.7504627824422299e-03 3.0010574230861591e-03
2.8005860001e+04 2.7136386927802719e-03 2.3703672960121531e-03
2.8247700001e+04 2.7161101585347755e-03 2.6178990249651913e-03
2.8491620001e+04 2.6774033584284138e-03 2.1386948517404343e-03
2.8737640001e+04 2.6876681296717940e-03 2.7617496301597377e-03
2.8985800001e+04 2.6644382180818415e-03 2.5724633196965831e-03
2.9236080001e+04 2.6742482761450367e-03 2.6592507531723970e-03
2.9488540001e+04 2.6682759159295834e-03 2.8430958705172068e-03
2.9743180001e+04 2.6424941351803760e-03 2.8598852770742441e-03
3.0000000001e+04 2.6576955819328724e-03 3.2934497381367049e-03
