# t E S  (m=3 n=2 eps=0.1 alpha=1 mu=1 h=0.01 seed=1) BACD splitting
# S0=0
1.0000000000e+00 9.8557721803595100e-01 5.7760297808784977e-01
1.0100000000e+00 9.8260027209750178e-01 5.8463120912891187e-01
1.0200000000e+00 9.7955705913628099e-01 5.9151049788389221e-01
1.0300000000e+00 9.7645032552753430e-01 5.9823607360582476e-01
1.0400000000e+00 9.7328300330197060e-01 6.0480342308107249e-01
1.0500000000e+00 9.7005820035640555e-01 6.1120829926780584e-01
1.0600000000e+00 9.6677918988345080e-01 6.1744672928545730e-01
1.0700000000e+00 9.6344939908408844e-01 6.2351502173314732e-01
1.0800000000e+00 9.6007239723082827e-01 6.2940977331753578e-01
1.0900000000e+00 9.5665188315237071e-01 6.3512787477308819e-01
1.1000000000e+00 9.5319167221336509e-01 6.4066651606034697e-01
1.1100000000e+00 9.4969568286489392e-01 6.4602319083044768e-01
1.1200000000e+00 9.4616792284272866e-01 6.5119570014679917e-01
1.1300000000e+00 9.4261247509124224e-01 6.5618215545754377e-01
1.1400000000e+00 9.3903348349105609e-01 6.6098098081510803e-01
1.1500000000e+00 9.3543513846815163e-01 6.6559091434183060e-01
1.1600000000e+00 9.3182166256121834e-01 6.7001100894329724e-01
1.1700000000e+00 9.2819729602255052e-01 6.7424063227361353e-01
1.1800000000e+00 9.2456628252579920e-01 6.7827946595937594e-01
1.1900000000e+00 9.2093285505143174e-01 6.8212750409156819e-01
1.2000000000e+00 9.1730122201782893e-01 6.8578505099697828e-01
1.2100000000e+00 9.1367555372265619e-01 6.8925271830301205e-01
1.2200000000e+00 9.1005996915546561e-01 6.9253142131194456e-01
1.2300000000e+00 9.0645852323851872e-01 6.9562237470270061e-01
1.2400000000e+00 9.0287519454856158e-01 6.9852708758018378e-01
1.2500000000e+00 8.9931387356782433e-01 7.0124735789396464e-01
1.2600000000e+00 8.9577835150786689e-01 7.0378526624979787e-01
1.2700000000e+00 8.9227230974511884e-01 7.0614316913895181e-01
1.2800000000e+00 8.8879930990210232e-01 7.0832369161170672e-01
1.2900000000e+00 8.8536278460342110e-01 7.1032971942260148e-01
1.3000000000e+00 8.8196602893069920e-01 7.1216439067608472e-01
1.3100000000e+00 8.7861219259578083e-01 7.1383108700215714e-01
1.3200000000e+00 8.7530427284671353e-01 7.1533342429237479e-01
1.3300000000e+00 8.7204510811636193e-01 7.1667524302722097e-01
1.3400000000e+00 8.6883737241894665e-01 7.1786059822635195e-01
1.3600000000e+00 8.6258603370456077e-01 7.1977914810870458e-01
1.3700000000e+00 8.5954691665217631e-01 7.2052143043831407e-01
1.3800000000e+00 8.5656819454813604e-01 7.2112540229783251e-01
1.3900000000e+00 8.5365166127615844e-01 7.2159602969671810e-01
1.4000000000e+00 8.5079892815911884e-01 7.2193842675864706e-01
1.4200000000e+00 8.4529039216956015e-01 7.2225965605408915e-01
1.4300000000e+00 8.4263689733226388e-01 7.2224935038209348e-01
1.4400000000e+00 8.4005182075422724e-01 7.2213251448289062e-01
1.4500000000e+00 8.3753586519225387e-01 7.2191482414845931e-01
1.4600000000e+00 8.3508955671582741e-01 7.2160203128261169e-01
1.4800000000e+00 8.3040711990386762e-01 7.2071445365844122e-01
1.4900000000e+00 8.2817118895460262e-01 7.2015144475510673e-01
1.5000000000e+00 8.2600530794622917e-01 7.1951686120315328e-01
1.5200000000e+00 8.2188232502332514e-01 7.1805678504941617e-01
1.5300000000e+00 8.1992416120820533e-01 7.1724320052758606e-01
1.5400000000e+00 8.1803393429765159e-01 7.1638183484959206e-01
1.5600000000e+00 8.1445362961581580e-01 7.1453933641710676e-01
1.5700000000e+00 8.1276140155770382e-01 7.1356988208974215e-01
1.5800000000e+00 8.1113282221276561e-01 7.1257598259374233e-01
1.6000000000e+00 8.0806103835448029e-01 7.1053749963454782e-01
1.6100000000e+00 8.0661479210172815e-01 7.0950403170947363e-01
1.6200000000e+00 8.0522612414024297e-01 7.0846833113148855e-01
1.6400000000e+00 8.0261445403262499e-01 7.0641134123275695e-01
1.6500000000e+00 8.0138772665440017e-01 7.0540030806207410e-01
1.6700000000e+00 7.9908267006401545e-01 7.0343782754539286e-01
1.6800000000e+00 7.9800023918501761e-01 7.0249582278671108e-01
1.6900000000e+00 7.9696172302757018e-01 7.0158601934715059e-01
1.7100000000e+00 7.9500773894549048e-01 6.9988019345456864e-01
1.7200000000e+00 7.9408784180605929e-01 6.9909234080819216e-01
1.7400000000e+00 7.9235098141872395e-01 6.9766586942221975e-01
1.7500000000e+00 7.9152946626025622e-01 6.9703435168744465e-01
1.7700000000e+00 7.8996882731369333e-01 6.9595109430076285e-01
1.7800000000e+00 7.8922512630736175e-01 6.9550531253458969e-01
1.8000000000e+00 7.8779957360970765e-01 6.9481885485858108e-01
1.8100000000e+00 7.8711320904868742e-01 6.9458294081913108e-01
1.8300000000e+00 7.8578218134103084e-01 6.9433611864728828e-01
1.8500000000e+00 7.8449225532543343e-01 6.9440074138974595e-01
1.8600000000e+00 7.8385739833199808e-01 6.9455335954967701e-01
1.8800000000e+00 7.8259764063945048e-01 6.9510443499767982e-01
1.8900000000e+00 7.8196877811794807e-01 6.9550436708340080e-01
1.9100000000e+00 7.8070357345365560e-01 6.9655518373103431e-01
1.9300000000e+00 7.7941638271822233e-01 6.9794115404633272e-01
1.9400000000e+00 7.7876027074621135e-01 6.9875929209190357e-01
1.9600000000e+00 7.7741505211149686e-01 7.0064313795256983e-01
1.9800000000e+00 7.7601605331244361e-01 7.0285126619636973e-01
1.9900000000e+00 7.7529299547814212e-01 7.0407408589730469e-01
2.0100000000e+00 7.7379365971486946e-01 7.0675003161655714e-01
2.0300000000e+00 7.7221616455116415e-01 7.0972154299647172e-01
2.0500000000e+00 7.7055302830871120e-01 7.1297265969277779e-01
2.0600000000e+00 7.6968737479597404e-01 7.1469745084823399e-01
2.0800000000e+00 7.6788470169113199e-01 7.1833309252497646e-01
2.1000000000e+00 7.6598360917628705e-01 7.2219884841338078e-01
2.1200000000e+00 7.6398136735702804e-01 7.2627162029056258e-01
2.1400000000e+00 7.6187658301189554e-01 7.3052674769207759e-01
2.1500000000e+00 7.6078565877072069e-01 7.3271461658184045e-01
2.1700000000e+00 7.5852727826003596e-01 7.3719417790976050e-01
2.1900000000e+00 7.5616844279772044e-01 7.4178909959917472e-01
2.2100000000e+00 7.5371205278126452e-01 7.4647105329419894e-01
2.2300000000e+00 7.5116206829625320e-01 7.5121118426704214e-01
2.2500000000e+00 7.4852341269256017e-01 7.5598034078668008e-01
2.2700000000e+00 7.4580186656606973e-01 7.6074929920058620e-01
2.2900000000e+00 7.4300395406838637e-01 7.6548898306283153e-01
2.3100000000e+00 7.4013682364944500e-01 7.7017067476767198e-01
2.3300000000e+00 7.3720812545728553e-01 7.7476621828827352e-01
2.3500000000e+00 7.3422588767125863e-01 7.7924821177184278e-01
2.3700000000e+00 7.3119839402856202e-01 7.8359018890133880e-01
2.3900000000e+00 7.2813406472139430e-01 7.8776678809636325e-01
2.4100000000e+00 7.2504134269800891e-01 7.9175390878812113e-01
2.4300000000e+00 7.2192858720283415e-01 7.9552885416216879e-01
2.4500000000e+00 7.1880397614758873e-01 7.9907045991507053e-01
2.4700000000e+00 7.1567541862732120e-01 8.0235920871456889e-01
2.4900000000e+00 7.1255047859349796e-01 8.0537733018548718e-01
2.5100000000e+00 7.0943631038181965e-01 8.0810888636389433e-01
2.5400000000e+00 7.0479975867620470e-01 8.1163874474715625e-01
2.5600000000e+00 7.0174069406341688e-01 8.1359678594687579e-01
2.5800000000e+00 6.9871357198868689e-01 8.1522780511366144e-01
2.6000000000e+00 6.9572323213470888e-01 8.1652478359370995e-01
2.6200000000e+00 6.9277396413935866e-01 8.1748275185052299e-01
2.6500000000e+00 6.8843512869013135e-01 8.1827821761580899e-01
2.6700000000e+00 6.8560380322843795e-01 8.1838029393752065e-01
2.6900000000e+00 6.8282443639125434e-01 8.1814193101207033e-01
2.7200000000e+00 6.7875714991207403e-01 8.1715537982200703e-01
2.7400000000e+00 6.7611569410016648e-01 8.1608761302696609e-01
2.7600000000e+00 6.7353159594831347e-01 8.1470155966398894e-01
2.7900000000e+00 6.6976457329557293e-01 8.1204863398956184e-01
2.8100000000e+00 6.6732658688892332e-01 8.0991534723503822e-01
2.8400000000e+00 6.6378000211820609e-01 8.0620366182768521e-01
2.8600000000e+00 6.6148908238185666e-01 8.0341102487580673e-01
2.8800000000e+00 6.5925664690677976e-01 8.0038379915606050e-01
2.9100000000e+00 6.5601679145428049e-01 7.9544336859846232e-01
2.9300000000e+00 6.5392869904001627e-01 7.9191164398093650e-01
2.9600000000e+00 6.5090281857592058e-01 7.8630764577126677e-01
2.9900000000e+00 6.4800245520472388e-01 7.8039905769535367e-01
3.0100000000e+00 6.4613739472043918e-01 7.7632656511062526e-01
3.0400000000e+00 6.4344057051193992e-01 7.7007189218201022e-01
3.0600000000e+00 6.4170858984177581e-01 7.6583638711758406e-01
3.0900000000e+00 6.3920707631089857e-01 7.5943796257318996e-01
3.1200000000e+00 6.3681811197719784e-01 7.5304775180562333e-01
3.1400000000e+00 6.3528602731978911e-01 7.4882561921333490e-01
3.1700000000e+00 6.3307542294989483e-01 7.4259697240309430e-01
3.2000000000e+00 6.3096538229634391e-01 7.3654695418775584e-01
3.2200000000e+00 6.2961181288151213e-01 7.3264010465117946e-01
3.2500000000e+00 6.2765657229551608e-01 7.2700622248319424e-01
3.2800000000e+00 6.2578542686982419e-01 7.2168235315463647e-01
3.3100000000e+00 6.2399097793262215e-01 7.1670476514060277e-01
3.3400000000e+00 6.2226522289535213e-01 7.1210177094251603e-01
3.3700000000e+00 6.2059964624788921e-01 7.0789335427882760e-01
3.4000000000e+00 6.1898534493901458e-01 7.0409093732602102e-01
3.4200000000e+00 6.1793312377032195e-01 7.0178327263506057e-01
3.4500000000e+00 6.1638395046236327e-01 6.9865943615213288e-01
3.4800000000e+00 6.1486168339949465e-01 6.9593000558463913e-01
3.5100000000e+00 6.1335750866313854e-01 6.9357538635693072e-01
3.5400000000e+00 6.1186311811523597e-01 6.9156827150559042e-01
3.5700000000e+00 6.1037091909412122e-01 6.8987422419982858e-01
3.6100000000e+00 6.0837333527662851e-01 6.8803104334879583e-01
3.6400000000e+00 6.0686216454083841e-01 6.8689903716113310e-01
3.6700000000e+00 6.0533537571792295e-01 6.8592371267141072e-01
3.7000000000e+00 6.0379039194082762e-01 6.8504924482376084e-01
3.7300000000e+00 6.0222603843635136e-01 6.8421755266580631e-01
3.7600000000e+00 6.0064253907004195e-01 6.8336941746155633e-01
3.8000000000e+00 5.9850431907643331e-01 6.8211077682904486e-01
3.8300000000e+00 5.9688438209891959e-01 6.8099608630889596e-01
3.8600000000e+00 5.9525511632768724e-01 6.7967386006776831e-01
3.9000000000e+00 5.9307713975388376e-01 6.7750019467297196e-01
3.9300000000e+00 5.9144693702510409e-01 6.7550270358336495e-01
3.9600000000e+00 5.8982636722795667e-01 6.7314653301100169e-01
4.0000000000e+00 5.8769129081415772e-01 6.6939198945893030e-01
4.0300000000e+00 5.8611693744511095e-01 6.6608532324557823e-01
4.0700000000e+00 5.8406391935333035e-01 6.6099404814502460e-01
4.1000000000e+00 5.8256459535938288e-01 6.5665718914661908e-01
4.1400000000e+00 5.8062596831659097e-01 6.5019266805631204e-01
4.1700000000e+00 5.7922024145460105e-01 6.4485190666753711e-01
4.2100000000e+00 5.7741201646894857e-01 6.3712110581869719e-01
4.2400000000e+00 5.7610488125258896e-01 6.3090971619258340e-01
4.2800000000e+00 5.7442420510027026e-01 6.2215817822727792e-01
4.3200000000e+00 5.7280817251390115e-01 6.1298151044484639e-01
4.3600000000e+00 5.7124720308925614e-01 6.0351925019288499e-01
4.3900000000e+00 5.7010557050701915e-01 5.9632800436209155e-01
4.4300000000e+00 5.6861152609084331e-01 5.8674660379818144e-01
4.4700000000e+00 5.6713649256698806e-01 5.7733218848647527e-01
4.5100000000e+00 5.6566560015028444e-01 5.6826207143207486e-01
4.5500000000e+00 5.6418388427958210e-01 5.5971326192377258e-01
4.5900000000e+00 5.6267669302043655e-01 5.5185784460540721e-01
4.6300000000e+00 5.6112998744979703e-01 5.4485840788606066e-01
4.6700000000e+00 5.5953053879719472e-01 5.3886363022695505e-01
4.7100000000e+00 5.5786603868411777e-01 5.3400413159332871e-01
4.7500000000e+00 5.5612514854234329e-01 5.3038869428898439e-01
4.7900000000e+00 5.5429752033250290e-01 5.2810095222784181e-01
4.8300000000e+00 5.5237382250659739e-01 5.2719664017309409e-01
4.8700000000e+00 5.5034580259301680e-01 5.2770148436681508e-01
4.9100000000e+00 5.4820641100726430e-01 5.2960980313846961e-01
4.9500000000e+00 5.4595000024662543e-01 5.3288387049273789e-01
5.0000000000e+00 5.4295906741842859e-01 5.3878802856083374e-01
5.0400000000e+00 5.4042795536166544e-01 5.4483359150340060e-01
5.0800000000e+00 5.3777486199085278e-01 5.5190844211506929e-01
5.1300000000e+00 5.3429325012164453e-01 5.6194985285667376e-01
5.1700000000e+00 5.3138488954665664e-01 5.7071309753171295e-01
5.2200000000e+00 5.2761403401137785e-01 5.8224044946847409e-01
5.2600000000e+00 5.2450725633129858e-01 5.9165199074603059e-01
5.3100000000e+00 5.2054131027542894e-01 6.0327940898423438e-01
5.3500000000e+00 5.1732842866365192e-01 6.1219290037307239e-01
5.4000000000e+00 5.1330022156374100e-01 6.2248387983256337e-01
5.4500000000e+00 5.0930259532053257e-01 6.3144815964147227e-01
5.4900000000e+00 5.0615786751478620e-01 6.3741492254923471e-01
5.5400000000e+00 5.0233037666234526e-01 6.4309866218652934e-01
5.5900000000e+00 4.9865368708815100e-01 6.4656916540365794e-01
5.6400000000e+00 4.9515922972564597e-01 6.4763771559336969e-01
5.6800000000e+00 4.9251052528785028e-01 6.4668715368370766e-01
5.7300000000e+00 4.8939556862262351e-01 6.4321374151673061e-01
5.7800000000e+00 4.8650423423661171e-01 6.3724444073949482e-01
5.8300000000e+00 4.8383538509121116e-01 6.2890417366148366e-01
5.8800000000e+00 4.8138135701809670e-01 6.1839628558612658e-01
5.9300000000e+00 4.7912960677940331e-01 6.0599547419892130e-01
5.9800000000e+00 4.7706434394113312e-01 5.9203829271793396e-01
6.0400000000e+00 4.7480725015362085e-01 5.7378262973767691e-01
6.0900000000e+00 4.7308880142495147e-01 5.5781384218326280e-01
6.1400000000e+00 4.7149754136959504e-01 5.4163545697152204e-01
6.1900000000e+00 4.7001343895692804e-01 5.2569934380821137e-01
6.2500000000e+00 4.6834349791937446e-01 5.0751265551041458e-01
6.3000000000e+00 4.6701577798599075e-01 4.9361554548529735e-01
6.3600000000e+00 4.6545646135410851e-01 4.7898431505024930e-01
6.4100000000e+00 4.6414548693793334e-01 4.6883939932292984e-01
6.4700000000e+00 4.6249852947993192e-01 4.5944336562945876e-01
6.5200000000e+00 4.6101055591614987e-01 4.5407650933269456e-01
6.5800000000e+00 4.5901068370107234e-01 4.5064093084786633e-01
6.6300000000e+00 4.5710422813931051e-01 4.5020856257707659e-01
6.6900000000e+00 4.5445501184825582e-01 4.5237572655563801e-01
6.7500000000e+00 4.5134688950639662e-01 4.5707868525210593e-01
6.8100000000e+00 4.4774070815057804e-01 4.6377263341466629e-01
6.8700000000e+00 4.4363944610085115e-01 4.7181287472656919e-01
6.9300000000e+00 4.3909559208060794e-01 4.8049489224033304e-01
6.9900000000e+00 4.3421118333023584e-01 4.8909781814312475e-01
7.0500000000e+00 4.2912946083691833e-01 4.9692799711658153e-01
7.1100000000e+00 4.2401911328011205e-01 5.0335936381763013e-01
7.1700000000e+00 4.1905387065111144e-01 5.0786779968383644e-01
7.2300000000e+00 4.1439124260257304e-01 5.1005739997735033e-01
7.2900000000e+00 4.1015424349731788e-01 5.0967750819076096e-01
7.3600000000e+00 4.0584784805883051e-01 5.0586471119894605e-01
7.4200000000e+00 4.0272589855628155e-01 4.9978358259598055e-01
7.4800000000e+00 4.0009834612159051e-01 4.9133009697208624e-01
7.5500000000e+00 3.9756409341785426e-01 4.7893090224517687e-01
7.6100000000e+00 3.9573908365089017e-01 4.6664365164679189e-01
7.6800000000e+00 3.9386942199662150e-01 4.5111643124280937e-01
7.7400000000e+00 3.9237637416404053e-01 4.3744543323490787e-01
7.8100000000e+00 3.9064415673087111e-01 4.2190227515015505e-01
7.8800000000e+00 3.8882432236594033e-01 4.0765550399856032e-01
7.9500000000e+00 3.8684184158954954e-01 3.9551545861540832e-01
8.0200000000e+00 3.8464059020897462e-01 3.8614459699178771e-01
8.0800000000e+00 3.8254128856684144e-01 3.8067742976174967e-01
8.1500000000e+00 3.7979384205695410e-01 3.7751869149106621e-01
8.2200000000e+00 3.7665848815552783e-01 3.7784414129926308e-01
8.3000000000e+00 3.7249439488505193e-01 3.8218216991665876e-01
8.3700000000e+00 3.6824818739537812e-01 3.8891005397880507e-01
8.4400000000e+00 3.6337152532945732e-01 3.9765277724719150e-01
8.5100000000e+00 3.5784429104442178e-01 4.0756660672416284e-01
8.5900000000e+00 3.5079276490645911e-01 4.1914165273615928e-01
8.6600000000e+00 3.4412433122310160e-01 4.2843773377963623e-01
8.7300000000e+00 3.3720535320744455e-01 4.3605644563056656e-01
8.8100000000e+00 3.2932460595962809e-01 4.4179711572504343e-01
8.8900000000e+00 3.2186719714095890e-01 4.4365057888205123e-01
8.9600000000e+00 3.1598179290649026e-01 4.4177080490618353e-01
9.0400000000e+00 3.1023146825195919e-01 4.3560560265011444e-01
9.1200000000e+00 3.0565224360560261e-01 4.2548043147308640e-01
9.2000000000e+00 3.0223745970219457e-01 4.1203267996977327e-01
9.2800000000e+00 2.9985584652759301e-01 3.9612717804240499e-01
9.3600000000e+00 2.9829423307011466e-01 3.7876256535781194e-01
9.4400000000e+00 2.9730708013815188e-01 3.6097702094505651e-01
9.5200000000e+00 2.9666036947468832e-01 3.4376155756746712e-01
9.6000000000e+00 2.9616142126583256e-01 3.2798651236662557e-01
9.6800000000e+00 2.9567160424164574e-01 3.1434470914172374e-01
9.7700000000e+00 2.9502485327677991e-01 3.0213252244229988e-01
9.8500000000e+00 2.9431451581261914e-01 2.9431603367158327e-01
9.9400000000e+00 2.9333596776997278e-01 2.8891746013874087e-01
1.0020000000e+01 2.9229596657498697e-01 2.8687133062087533e-01
1.0110000000e+01 2.9092779776295352e-01 2.8712845170651735e-01
1.0200000000e+01 2.8934981198641052e-01 2.8936464209047724e-01
1.0280000000e+01 2.8778280285688873e-01 2.9234991869907212e-01
1.0370000000e+01 2.8586971410508932e-01 2.9611949585006558e-01
1.0460000000e+01 2.8386041789538735e-01 2.9969958717064893e-01
1.0550000000e+01 2.8184154153693786e-01 3.0264282336047355e-01
1.0640000000e+01 2.7990656556746685e-01 3.0474386945980830e-01
1.0730000000e+01 2.7813564313735678e-01 3.0603453632811978e-01
1.0830000000e+01 2.7641869227554589e-01 3.0679691046737662e-01
1.0920000000e+01 2.7510644271205276e-01 3.0726044053012580e-01
1.1020000000e+01 2.7386637705990824e-01 3.0799818940691642e-01
1.1110000000e+01 2.7288258790967745e-01 3.0919055559303749e-01
1.1210000000e+01 2.7185286237366069e-01 3.1128483131393941e-01
1.1300000000e+01 2.7091942342152942e-01 3.1379815931260369e-01
1.1400000000e+01 2.6982601563055314e-01 3.1694705835029774e-01
1.1500000000e+01 2.6865510809219567e-01 3.1986393350485715e-01
1.1600000000e+01 2.6742013682974475e-01 3.2176170779110219e-01
1.1700000000e+01 2.6615807540295322e-01 3.2182590991566790e-01
1.1800000000e+01 2.6491488602392754e-01 3.1936714616187389e-01
1.1900000000e+01 2.6373091442205804e-01 3.1396166817861143e-01
1.2000000000e+01 2.6263112466656829e-01 3.0555567264432276e-01
1.2110000000e+01 2.6152695124439396e-01 2.9329236826096883e-01
1.2210000000e+01 2.6061250009681314e-01 2.8025636263575499e-01
1.2320000000e+01 2.5969055166700594e-01 2.6521800677391449e-01
1.2420000000e+01 2.5891641819192113e-01 2.5231732123994155e-01
1.2530000000e+01 2.5812258436542884e-01 2.4054793502951033e-01
1.2640000000e+01 2.5737286873728554e-01 2.3266955625840280e-01
1.2750000000e+01 2.5664225641711003e-01 2.2952891097660544e-01
1.2860000000e+01 2.5589727129646550e-01 2.3124485511770454e-01
1.2970000000e+01 2.5510295267224342e-01 2.3716422890191075e-01
1.3080000000e+01 2.5423468907079871e-01 2.4595744211499854e-01
1.3190000000e+01 2.5328924648408135e-01 2.5584115873425378e-01
1.3310000000e+01 2.5219576669679689e-01 2.6560831864512902e-01
1.3420000000e+01 2.5117811305507104e-01 2.7179555536242139e-01
1.3540000000e+01 2.5009562234872351e-01 2.7413800831764201e-01
1.3660000000e+01 2.4906145524980974e-01 2.7144192021670432e-01
1.3770000000e+01 2.4814181082190376e-01 2.6510841815876812e-01
1.3890000000e+01 2.4712989561121471e-01 2.5553908786357366e-01
1.4010000000e+01 2.4606615786894837e-01 2.4546423390801830e-01
1.4130000000e+01 2.4492603105113708e-01 2.3740666545087452e-01
1.4260000000e+01 2.4360536242269035e-01 2.3345872563288109e-01
1.4380000000e+01 2.4232183662481843e-01 2.3561214361469562e-01
1.4500000000e+01 2.4098663975465270e-01 2.4343097278286069e-01
1.4630000000e+01 2.3948204183660393e-01 2.5690039525686992e-01
1.4750000000e+01 2.3804090590583071e-01 2.7151968899705614e-01
1.4880000000e+01 2.3644882239281551e-01 2.8628103148719003e-01
1.5010000000e+01 2.3488896176655538e-01 2.9634375418078707e-01
1.5140000000e+01 2.3344787921586418e-01 2.9887259895169083e-01
1.5270000000e+01 2.3219207636851813e-01 2.9254551773908571e-01
1.5400000000e+01 2.3113393779232366e-01 2.7786865657146570e-01
1.5530000000e+01 2.3023268412371195e-01 2.5706754862775466e-01
1.5670000000e+01 2.2937107976361917e-01 2.3178970498162665e-01
1.5800000000e+01 2.2863759557541014e-01 2.0981968820682445e-01
1.5940000000e+01 2.2792853680560851e-01 1.9188274273726807e-01
1.6080000000e+01 2.2733174486673230e-01 1.8265212942893019e-01
1.6220000000e+01 2.2684357819688258e-01 1.8286267490377833e-01
1.6360000000e+01 2.2639983216362836e-01 1.9107803793430073e-01
1.6500000000e+01 2.2589619618952267e-01 2.0422470355177189e-01
1.6640000000e+01 2.2523896704807170e-01 2.1853057304052056e-01
1.6780000000e+01 2.2438424806776933e-01 2.3058625633256224e-01
1.6930000000e+01 2.2325661710789296e-01 2.3856795364239336e-01
1.7080000000e+01 2.2194264877317529e-01 2.4094553460228268e-01
1.7220000000e+01 2.2057516407062905e-01 2.3939437027883648e-01
1.7370000000e+01 2.1898931843488842e-01 2.3621613390907154e-01
1.7520000000e+01 2.1733103992340713e-01 2.3416467504665059e-01
1.7670000000e+01 2.1567358382203455e-01 2.3502893018060736e-01
1.7820000000e+01 2.1407807614622579e-01 2.3896677004828426e-01
1.7980000000e+01 2.1245926698520043e-01 2.4484051292878833e-01
1.8130000000e+01 2.1098363048030072e-01 2.4918703078854795e-01
1.8290000000e+01 2.0941659425233700e-01 2.4957415650566880e-01
1.8450000000e+01 2.0788885652024308e-01 2.4371828624091407e-01
1.8610000000e+01 2.0651158148121224e-01 2.3182409510530994e-01
1.8770000000e+01 2.0539652534212557e-01 2.1620535194664739e-01
1.8930000000e+01 2.0456696869030250e-01 2.0041379082492955e-01
1.9090000000e+01 2.0394456630405203e-01 1.8790307722600297e-01
1.9260000000e+01 2.0337486098478455e-01 1.8055332936329826e-01
1.9420000000e+01 2.0282225088566797e-01 1.7936060408673626e-01
1.9590000000e+01 2.0216680765313080e-01 1.8231292431790952e-01
1.9760000000e+01 2.0141862505300639e-01 1.8677055862042768e-01
1.9930000000e+01 2.0051198799970252e-01 1.9040566328933828e-01
2.0100000000e+01 1.9934541348425563e-01 1.9258145385707270e-01
2.0280000000e+01 1.9782040738444281e-01 1.9470367583726411e-01
2.0450000000e+01 1.9628198308128217e-01 1.9895822544588010e-01
2.0630000000e+01 1.9479338603242763e-01 2.0786417483639125e-01
2.0810000000e+01 1.9351240151403770e-01 2.2096321475722713e-01
2.0990000000e+01 1.9226935846288015e-01 2.3477476210266471e-01
2.1170000000e+01 1.9089875468443696e-01 2.4370927374143664e-01
2.1350000000e+01 1.8947230576645308e-01 2.4258401467692134e-01
2.1540000000e+01 1.8813805004009632e-01 2.2826197494319544e-01
2.1720000000e+01 1.8711008412871280e-01 2.0497276250224863e-01
2.1910000000e+01 1.8616276996495609e-01 1.7751390029400244e-01
2.2100000000e+01 1.8530208501307793e-01 1.5626393910102593e-01
2.2290000000e+01 1.8460970809091723e-01 1.4812900585851818e-01
2.2480000000e+01 1.8408293671260278e-01 1.5444999158771133e-01
2.2680000000e+01 1.8346713630746220e-01 1.7133048457790878e-01
2.2870000000e+01 1.8259396235927652e-01 1.8803018597440876e-01
2.3070000000e+01 1.8141362234955438e-01 1.9738616635296494e-01
2.3270000000e+01 1.8017609588511838e-01 1.9469049156544993e-01
2.3470000000e+01 1.7894656810668472e-01 1.8347456099919482e-01
2.3670000000e+01 1.7765682805338329e-01 1.7212208940820059e-01
2.3880000000e+01 1.7621453083090022e-01 1.6901422450498912e-01
2.4080000000e+01 1.7473204517763230e-01 1.7775001887778577e-01
2.4290000000e+01 1.7293362755557837e-01 1.9495048130116582e-01
2.4500000000e+01 1.7087435465638690e-01 2.1051626909451956e-01
2.4710000000e+01 1.6888800334823853e-01 2.1480080432715215e-01
2.4920000000e+01 1.6736803624336796e-01 2.0415205158892580e-01
2.5140000000e+01 1.6630339801787497e-01 1.8156103599410942e-01
2.5360000000e+01 1.6553792363214923e-01 1.5762271995460250e-01
2.5580000000e+01 1.6496611140217540e-01 1.4217394515568210e-01
2.5800000000e+01 1.6456728104058232e-01 1.3909234920243033e-01
2.6020000000e+01 1.6415552119705593e-01 1.4530434068383252e-01
2.6240000000e+01 1.6346680713733736e-01 1.5426319533973587e-01
2.6470000000e+01 1.6235224569307935e-01 1.6124546956545305e-01
2.6700000000e+01 1.6094058990591398e-01 1.6536641640626604e-01
2.6930000000e+01 1.5941461907287421e-01 1.6978106546778388e-01
2.7160000000e+01 1.5798009282066977e-01 1.7659832754869614e-01
2.7400000000e+01 1.5673357862788934e-01 1.8380287779179943e-01
2.7630000000e+01 1.5576434329247310e-01 1.8512681567786424e-01
2.7870000000e+01 1.5487677422948878e-01 1.7653202539699786e-01
2.8110000000e+01 1.5405347313189610e-01 1.6020784424946702e-01
2.8350000000e+01 1.5330082312201912e-01 1.4478151172529830e-01
2.8600000000e+01 1.5263799455286137e-01 1.3878413647979271e-01
2.8850000000e+01 1.5213562061597030e-01 1.4450434081302077e-01
2.9100000000e+01 1.5170839173768813e-01 1.5395515393472747e-01
2.9350000000e+01 1.5114305822809102e-01 1.5677254159240772e-01
2.9600000000e+01 1.5028558138443748e-01 1.4980792416131650e-01
2.9860000000e+01 1.4923200968870950e-01 1.4010223338878636e-01
3.0110000000e+01 1.4838844110532606e-01 1.3994998229006017e-01
3.0370000000e+01 1.4775686676055272e-01 1.5358541697436157e-01
3.0640000000e+01 1.4701439055611426e-01 1.7233808557312469e-01
3.0900000000e+01 1.4603521395448926e-01 1.7819046870830474e-01
3.1170000000e+01 1.4495733265932936e-01 1.6340742093103255e-01
3.1440000000e+01 1.4397616735501145e-01 1.3735222700208924e-01
3.1710000000e+01 1.4319488470789865e-01 1.2025567636027062e-01
3.1980000000e+01 1.4265457052154989e-01 1.2446345464625516e-01
3.2260000000e+01 1.4194852378000769e-01 1.4430233951103394e-01
3.2540000000e+01 1.4078163478392305e-01 1.5952724439880317e-01
3.2820000000e+01 1.3951199111268908e-01 1.5661179050668064e-01
3.3100000000e+01 1.3847587299150133e-01 1.4117373705479069e-01
3.3390000000e+01 1.3768075264690291e-01 1.2974523636188523e-01
3.3670000000e+01 1.3717720268258499e-01 1.3296184417462037e-01
3.3960000000e+01 1.3667246145744047e-01 1.4437650009127997e-01
3.4260000000e+01 1.3581082705550615e-01 1.4961266030524298e-01
3.4550000000e+01 1.3482858761004446e-01 1.4303714552314800e-01
3.4850000000e+01 1.3408667631943277e-01 1.3306824783388616e-01
3.5150000000e+01 1.3357789477542326e-01 1.3005253406641065e-01
3.5460000000e+01 1.3296616700224273e-01 1.3298119707467826e-01
3.5760000000e+01 1.3229823733035906e-01 1.3352630567694621e-01
3.6070000000e+01 1.3150332146170468e-01 1.3049978865652240e-01
3.6380000000e+01 1.3061893202948574e-01 1.3192849333268664e-01
3.6700000000e+01 1.2973071406897807e-01 1.4152398027130539e-01
3.7010000000e+01 1.2876862267610822e-01 1.4736764540753627e-01
3.7330000000e+01 1.2777519288411113e-01 1.3631611749016542e-01
3.7660000000e+01 1.2683914765889420e-01 1.1335321106743344e-01
3.7980000000e+01 1.2606161318364492e-01 1.0377719907625896e-01
3.8310000000e+01 1.2559396871929610e-01 1.1976358410993959e-01
3.8640000000e+01 1.2510914707645523e-01 1.4383109577145703e-01
3.8970000000e+01 1.2431034652964133e-01 1.4814352906507158e-01
3.9310000000e+01 1.2324881493824763e-01 1.3011649651756044e-01
3.9650000000e+01 1.2232772116139819e-01 1.1572076981738136e-01
3.9990000000e+01 1.2179893421634047e-01 1.2135921248632207e-01
4.0340000000e+01 1.2114831153871920e-01 1.3129064528509635e-01
4.0680000000e+01 1.2030990243405293e-01 1.2334164523130611e-01
4.1040000000e+01 1.1925310797900772e-01 1.0454127760893139e-01
4.1390000000e+01 1.1835064206826670e-01 1.0304266524251383e-01
4.1750000000e+01 1.1738332034873322e-01 1.2294018614758864e-01
4.2110000000e+01 1.1571985381787123e-01 1.3846528896611693e-01
4.2470000000e+01 1.1436519479794927e-01 1.3326344682758692e-01
4.2840000000e+01 1.1372759874684932e-01 1.1994631573759661e-01
4.3210000000e+01 1.1347650738979576e-01 1.1370146817148345e-01
4.3580000000e+01 1.1319033643735985e-01 1.0920603855659265e-01
4.3960000000e+01 1.1256954401346339e-01 1.0087185610966609e-01
4.4340000000e+01 1.1199076790280288e-01 1.0095201592960612e-01
4.4720000000e+01 1.1156311294974150e-01 1.1474248632285053e-01
4.5110000000e+01 1.1095284605904911e-01 1.2391007775317273e-01
4.5500000000e+01 1.1002542423229235e-01 1.1701472291649206e-01
4.5890000000e+01 1.0922167490271627e-01 1.1327602414955532e-01
4.6280000000e+01 1.0883413318983498e-01 1.2293035141517224e-01
4.6680000000e+01 1.0838889614297495e-01 1.2078638361526015e-01
4.7090000000e+01 1.0753500625673894e-01 9.2130961189901592e-02
4.7490000000e+01 1.0668934641893985e-01 7.5592840492513136e-02
4.7900000000e+01 1.0654043261830531e-01 9.9706720052485404e-02
4.8320000000e+01 1.0615798718605959e-01 1.3103964935541185e-01
4.8730000000e+01 1.0521214174086628e-01 1.2742981768861086e-01
4.9150000000e+01 1.0439219557732685e-01 1.0837505119658347e-01
4.9580000000e+01 1.0415575427475984e-01 1.0457833918597562e-01
5.0010000000e+01 1.0389134674845862e-01 1.0235156146198593e-01
5.0440000000e+01 1.0315418587542151e-01 8.9551745144264394e-02
5.0870000000e+01 1.0265092704359753e-01 8.9505685582028455e-02
5.1310000000e+01 1.0219931497393843e-01 1.0684449371116908e-01
5.1760000000e+01 1.0122732450655823e-01 1.1473461957184299e-01
5.2200000000e+01 1.0056101386685491e-01 1.1213609046670936e-01
5.2650000000e+01 1.0033934813590605e-01 1.1179439847481509e-01
5.3110000000e+01 1.0000131796340042e-01 9.9051971463476732e-02
5.3570000000e+01 9.9253305269713543e-02 7.9421307982038419e-02
5.4030000000e+01 9.8801004424871733e-02 8.8382739819710968e-02
5.4500000000e+01 9.7818639050168701e-02 1.1039236549029074e-01
5.4970000000e+01 9.6542276359081552e-02 1.0459280341674093e-01
5.5440000000e+01 9.5758771573688006e-02 9.7358094389003308e-02
5.5920000000e+01 9.5447624236971090e-02 1.1006402259766737e-01
5.6400000000e+01 9.4812484280207776e-02 1.0019713875316166e-01
5.6890000000e+01 9.3868143142474728e-02 7.2336861117106951e-02
5.7380000000e+01 9.3652819619006789e-02 8.3028557136924058e-02
5.7880000000e+01 9.3546242434069476e-02 1.0949741423864962e-01
5.8380000000e+01 9.2635005644947421e-02 1.0435148703680112e-01
5.8880000000e+01 9.1944353855272193e-02 9.3321513853704893e-02
5.9390000000e+01 9.1452726898595044e-02 8.9880462424374030e-02
5.9900000000e+01 9.0775485715796522e-02 8.3608374748333353e-02
6.0420000000e+01 9.0506983357449930e-02 9.1122551390264026e-02
6.0940000000e+01 9.0139288693487862e-02 9.6883916853583094e-02
6.1470000000e+01 8.9217240892817809e-02 8.6501487185010523e-02
6.2000000000e+01 8.9079354533270622e-02 9.4012769649439623e-02
6.2530000000e+01 8.8911299525396809e-02 9.6664824151124568e-02
6.3070000000e+01 8.8000398035938732e-02 7.5517361188771920e-02
6.3620000000e+01 8.7659700467329960e-02 8.6582395072273638e-02
6.4170000000e+01 8.7313306471174579e-02 1.0246593647797050e-01
6.4720000000e+01 8.6373260553265552e-02 8.2530874151359596e-02
6.5280000000e+01 8.6109599138842058e-02 8.2978515170712364e-02
6.5840000000e+01 8.5859593982627880e-02 9.0338739557219910e-02
6.6410000000e+01 8.5043447593651997e-02 7.8756204283934678e-02
6.6990000000e+01 8.4821263638578864e-02 9.0003605527465294e-02
6.7560000000e+01 8.4352173696109048e-02 9.4242485786489694e-02
6.8150000000e+01 8.3750621784785040e-02 8.1363314212655288e-02
6.8740000000e+01 8.3663235450058285e-02 7.7118376745461806e-02
6.9330000000e+01 8.3065256546306171e-02 7.4849088560164645e-02
6.9930000000e+01 8.2664279135516328e-02 9.6337646071677718e-02
7.0530000000e+01 8.2023541066061856e-02 9.4833284626421960e-02
7.1140000000e+01 8.1067504948195077e-02 6.8266632754964071e-02
7.1750000000e+01 8.1124115608136010e-02 8.1848516867243024e-02
7.2370000000e+01 8.0510059506887194e-02 7.7225690540177611e-02
7.3000000000e+01 7.9709045444678314e-02 7.8181310994452941e-02
7.3630000000e+01 7.9421743336821199e-02 9.8921366724152110e-02
7.4270000000e+01 7.8636876127244737e-02 7.6151770360052773e-02
7.4910000000e+01 7.8423130239947916e-02 6.8423101345795059e-02
7.5550000000e+01 7.8050849283978041e-02 7.1982109310294695e-02
7.6210000000e+01 7.7596887078248869e-02 8.5240931379637702e-02
7.6860000000e+01 7.7110689638242927e-02 9.0777299852458027e-02
7.7530000000e+01 7.6377753828809417e-02 7.3239244696733638e-02
7.8200000000e+01 7.6342184392212964e-02 6.9951707734583771e-02
7.8870000000e+01 7.5574072539262571e-02 6.3171992305633404e-02
7.9550000000e+01 7.5474764420823320e-02 9.3948026412749672e-02
8.0240000000e+01 7.4762484491466635e-02 8.2296097681642977e-02
8.0930000000e+01 7.4147578710139161e-02 6.2846501899201698e-02
8.1630000000e+01 7.4380122028586890e-02 7.4922109097556297e-02
8.2340000000e+01 7.3577460982272788e-02 6.7501163265681119e-02
8.3050000000e+01 7.3530007694045260e-02 8.6785451789772608e-02
8.3760000000e+01 7.2940707762972928e-02 7.6021354367555860e-02
8.4490000000e+01 7.2773498567625855e-02 6.6015702982285235e-02
8.5220000000e+01 7.2225442772876680e-02 6.3624930988498321e-02
8.5950000000e+01 7.2110852224004152e-02 8.6566604734657354e-02
8.6700000000e+01 7.1317597993799164e-02 6.9714965004023036e-02
8.7440000000e+01 7.0910924991244934e-02 7.1622813494681803e-02
8.8200000000e+01 7.0021158065156006e-02 6.3373684871451230e-02
8.8960000000e+01 6.9601463744598344e-02 7.5605857423104939e-02
8.9730000000e+01 6.8944228518766595e-02 7.4017476874988594e-02
9.0500000000e+01 6.8402585744136574e-02 6.1865627229398659e-02
9.1280000000e+01 6.8334687248565396e-02 7.2254033837619872e-02
9.2070000000e+01 6.7824847750921458e-02 6.8275101855494069e-02
9.2870000000e+01 6.7551192190301868e-02 6.7158203021127738e-02
9.3670000000e+01 6.7332701474169213e-02 6.9303351351290857e-02
9.4480000000e+01 6.6826500252194304e-02 6.1811325797007613e-02
9.5290000000e+01 6.6574080435790856e-02 7.7326848236273837e-02
9.6120000000e+01 6.5816910325976127e-02 5.8287836322782921e-02
9.6950000000e+01 6.5528111305493464e-02 6.5115664827561315e-02
9.7780000000e+01 6.4809826698954992e-02 6.9209610569490571e-02
9.8630000000e+01 6.4700641794728564e-02 7.0394711902825841e-02
9.9480000000e+01 6.4174413604947217e-02 5.4557994803919388e-02
1.0034000000e+02 6.4104799505042026e-02 6.5509811655680025e-02
1.0121000000e+02 6.3543277896101855e-02 7.1217558256367691e-02
1.0208000000e+02 6.3471841928151973e-02 6.2863257262318409e-02
1.0296000000e+02 6.3006179071504784e-02 5.5704311965624018e-02
1.0385000000e+02 6.2921642376636291e-02 6.4619430487581397e-02
1.0475000000e+02 6.2455101180499892e-02 7.4310873267848354e-02
1.0565000000e+02 6.1606014054038628e-02 5.1956249508485916e-02
1.0656000000e+02 6.1065314273676848e-02 5.9018809149996479e-02
1.0748000000e+02 6.0231852824326998e-02 6.8897560853086959e-02
1.0841000000e+02 6.0127902572833812e-02 6.1471162819814240e-02
1.0935000000e+02 5.9760841815439128e-02 5.2499585669458046e-02
1.1029000000e+02 5.9453501706894403e-02 6.0126689619787406e-02
1.1124000000e+02 5.9472002088611239e-02 7.1640544375481119e-02
1.1220000000e+02 5.8732331453309403e-02 4.5610680192123443e-02
1.1317000000e+02 5.8934534851192918e-02 6.3173332622864148e-02
1.1415000000e+02 5.8368627364448866e-02 6.3108472495606194e-02
1.1514000000e+02 5.7974169824024410e-02 5.4186690124453353e-02
1.1613000000e+02 5.7767590171588154e-02 5.6681196892622562e-02
1.1713000000e+02 5.7298691413246242e-02 6.3157204666100364e-02
1.1814000000e+02 5.6933242234122529e-02 5.0738795018399105e-02
1.1916000000e+02 5.6973936188621489e-02 6.3323046833387131e-02
1.2019000000e+02 5.6305264250318156e-02 5.2657353439004559e-02
1.2123000000e+02 5.6380883348707903e-02 5.6191723330565754e-02
1.2228000000e+02 5.6088446717790917e-02 6.0512107651327765e-02
1.2333000000e+02 5.5497218177262525e-02 5.2781352670527595e-02
1.2440000000e+02 5.5232732605318087e-02 5.3746887628641792e-02
1.2547000000e+02 5.4945560753465128e-02 5.9336621897237159e-02
1.2656000000e+02 5.4525482614435364e-02 5.6666370949133252e-02
1.2765000000e+02 5.4205789412726191e-02 4.2570125268251408e-02
1.2875000000e+02 5.4395943917033382e-02 6.9640218312554292e-02
1.2986000000e+02 5.3702080733845525e-02 4.8043093800397389e-02
1.3098000000e+02 5.3557290251407624e-02 4.6738742625677690e-02
1.3212000000e+02 5.3529754058075613e-02 6.4118461155704576e-02
1.3326000000e+02 5.3134544705703932e-02 5.0970508099339000e-02
1.3441000000e+02 5.2707113747036391e-02 4.8033481350920948e-02
1.3557000000e+02 5.2338733486250677e-02 5.7171888224515306e-02
1.3674000000e+02 5.2285440998228724e-02 4.9875727067996332e-02
1.3792000000e+02 5.1906799281300028e-02 5.6603234750025148e-02
1.3911000000e+02 5.1416393948123584e-02 4.8820971487022018e-02
1.4031000000e+02 5.1347419486848012e-02 4.7472117270337844e-02
1.4152000000e+02 5.1125274152019472e-02 5.5830629638569919e-02
1.4274000000e+02 5.0872187533393967e-02 5.4513466759801010e-02
1.4398000000e+02 5.0400119656683909e-02 4.6889397088081319e-02
1.4522000000e+02 5.0073987542892363e-02 4.8036778387370145e-02
1.4647000000e+02 5.0062506323561462e-02 4.9035566656700197e-02
1.4774000000e+02 4.9929662735297677e-02 5.7387313841868473e-02
1.4901000000e+02 4.9495662611522974e-02 4.6824624368346508e-02
1.5030000000e+02 4.9260098713619450e-02 5.1637691384443768e-02
1.5160000000e+02 4.8859144210122454e-02 4.4169818518803465e-02
1.5291000000e+02 4.8455646422725818e-02 4.4233841934982636e-02
1.5423000000e+02 4.8492769788710789e-02 5.6336367991779317e-02
1.5556000000e+02 4.8149978820128600e-02 4.7460036941320338e-02
1.5690000000e+02 4.7841661283771958e-02 5.3795135074695515e-02
1.5826000000e+02 4.7452440343154975e-02 4.1223023891967442e-02
1.5962000000e+02 4.7239461940320707e-02 5.1257954222908964e-02
1.6100000000e+02 4.6868956213660176e-02 3.8122024405198622e-02
1.6239000000e+02 4.6730351653391747e-02 4.4318503093493569e-02
1.6380000000e+02 4.6726224248779175e-02 5.4843215170600285e-02
1.6521000000e+02 4.6381894725719811e-02 4.2517700666924688e-02
1.6664000000e+02 4.6275153671251658e-02 5.3845870311028478e-02
1.6808000000e+02 4.6053916516927529e-02 4.5004136882938556e-02
1.6953000000e+02 4.5760152905216359e-02 5.4898791040021884e-02
1.7099000000e+02 4.5199985792712769e-02 4.0881929921886835e-02
1.7247000000e+02 4.4842285437471520e-02 4.4290856941148211e-02
1.7396000000e+02 4.4604766934123893e-02 4.1217971024376895e-02
1.7546000000e+02 4.4445596308732148e-02 4.7236111697345776e-02
1.7697000000e+02 4.4042864746537749e-02 3.7996666598370615e-02
1.7850000000e+02 4.3879278389973755e-02 3.9246558450794375e-02
1.8004000000e+02 4.3660522075541816e-02 3.8810040317112368e-02
1.8160000000e+02 4.3509472368244859e-02 4.4325275381615542e-02
1.8317000000e+02 4.3264925573261656e-02 3.8716223867087118e-02
1.8475000000e+02 4.3039834792139131e-02 4.4065948851473323e-02
1.8634000000e+02 4.2708270327216497e-02 3.0920772712637053e-02
1.8795000000e+02 4.2501460802269443e-02 4.3090723333560774e-02
1.8957000000e+02 4.2270228020576256e-02 3.6375477976441119e-02
1.9121000000e+02 4.2124674208530138e-02 4.7074306972554561e-02
1.9286000000e+02 4.1786306078984314e-02 3.4785171255396201e-02
1.9453000000e+02 4.1610391515850984e-02 4.5347357377530470e-02
1.9621000000e+02 4.1361309260483918e-02 3.5031585827607639e-02
1.9790000000e+02 4.1288709547610304e-02 4.2418938168904373e-02
1.9961000000e+02 4.1215719062873711e-02 4.1214335657981806e-02
2.0133000000e+02 4.1133894347202236e-02 4.7806092396086075e-02
2.0307000000e+02 4.0789288348590871e-02 4.6042403117678168e-02
2.0483000000e+02 4.0407216394211042e-02 4.2030896951457369e-02
2.0659000000e+02 4.0148303575615558e-02 4.1740079420043194e-02
2.0838000000e+02 3.9846824127640637e-02 3.8100402141201153e-02
2.1018000000e+02 3.9638234644840092e-02 3.5489270391497865e-02
2.1199000000e+02 3.9455809998627793e-02 3.8766332129329395e-02
2.1382000000e+02 3.9217701641666859e-02 3.5483666147267473e-02
2.1567000000e+02 3.9150358899576194e-02 4.4809830919125951e-02
2.1753000000e+02 3.8799250033510847e-02 3.3430784773553310e-02
2.1941000000e+02 3.8556382738126241e-02 3.5109226902412485e-02
2.2130000000e+02 3.8328165292733592e-02 3.4490339953269902e-02
2.2322000000e+02 3.8123960872437981e-02 3.4727054892215010e-02
2.2514000000e+02 3.8031724863951753e-02 4.5053011036883077e-02
2.2709000000e+02 3.7674082668691912e-02 3.2279902857254086e-02
2.2905000000e+02 3.7388970596503833e-02 3.5521705220566031e-02
2.3103000000e+02 3.7316778098047093e-02 3.6834577055648937e-02
2.3302000000e+02 3.7178281621619125e-02 3.5662286324682289e-02
2.3503000000e+02 3.6839962484503122e-02 3.3761459622429317e-02
2.3706000000e+02 3.6637252917592997e-02 3.3685067049105781e-02
2.3911000000e+02 3.6662521620684937e-02 3.6976022642520624e-02
2.4117000000e+02 3.6436560374840096e-02 3.4557336101700677e-02
2.4326000000e+02 3.6147049588657172e-02 3.5664104488065368e-02
2.4536000000e+02 3.6102798660143112e-02 3.3996292618252141e-02
2.4748000000e+02 3.6010673818636679e-02 3.5413886533274333e-02
2.4961000000e+02 3.5741789519991476e-02 3.8158767019127654e-02
2.5177000000e+02 3.5694948102518165e-02 3.5364990965704703e-02
2.5394000000e+02 3.5468677043386632e-02 3.5469152952875650e-02
2.5613000000e+02 3.5297388767879349e-02 3.9043673845718427e-02
2.5835000000e+02 3.5198640566613995e-02 3.3720850976176997e-02
2.6058000000e+02 3.4840786348491005e-02 2.9269886253480315e-02
2.6283000000e+02 3.4938889842915745e-02 3.7960420709513124e-02
2.6510000000e+02 3.4657790433160966e-02 3.4070291057704455e-02
2.6739000000e+02 3.4602431153945068e-02 3.9042533475838484e-02
2.6969000000e+02 3.4268916870862420e-02 3.3783065450885982e-02
2.7202000000e+02 3.4098609807953754e-02 3.4768493493796078e-02
2.7437000000e+02 3.3884993911739332e-02 3.6431541722015369e-02
2.7674000000e+02 3.3666046317258919e-02 3.3287895396642425e-02
2.7913000000e+02 3.3524318527318291e-02 3.1170336034248243e-02
2.8154000000e+02 3.3435280627286554e-02 3.7749494024059013e-02
2.8397000000e+02 3.3167553871838402e-02 3.4653082422225354e-02
2.8642000000e+02 3.3018447628353605e-02 3.3255644224090782e-02
2.8890000000e+02 3.2726501457120527e-02 2.9096383843526637e-02
2.9139000000e+02 3.2712563209622424e-02 3.4918140936612226e-02
2.9391000000e+02 3.2309350174947286e-02 2.8593447781148806e-02
2.9645000000e+02 3.2317442979274968e-02 3.3014364550674996e-02
2.9901000000e+02 3.2250885822232650e-02 3.7278618732115187e-02
3.0159000000e+02 3.1849300146029283e-02 2.7978906136857360e-02
3.0419000000e+02 3.1873766367765802e-02 2.9960616905693859e-02
3.0682000000e+02 3.1769300659410485e-02 3.1175181435499889e-02
3.0947000000e+02 3.1417557887394254e-02 2.8580294483574770e-02
3.1214000000e+02 3.1493326496988258e-02 3.8035995358151983e-02
3.1484000000e+02 3.1365448867644405e-02 3.6975677971177907e-02
3.1755000000e+02 3.0953917026917611e-02 2.6798975086233124e-02
3.2030000000e+02 3.0844093541019444e-02 2.9483094671260538e-02
3.2306000000e+02 3.0776245407564882e-02 3.0527979725961357e-02
3.2585000000e+02 3.0673638913585481e-02 3.2996147234704509e-02
3.2867000000e+02 3.0346722964269442e-02 2.6439348397115300e-02
3.3150000000e+02 3.0130573418965204e-02 2.3064187451968074e-02
3.3437000000e+02 3.0108834398794918e-02 2.7466214478588546e-02
3.3725000000e+02 2.9980900818926674e-02 3.1952910958794455e-02
3.4017000000e+02 2.9909101780421707e-02 3.6990362767664806e-02
3.4310000000e+02 2.9569785356538616e-02 3.2752824874101603e-02
3.4606000000e+02 2.9402417961714736e-02 3.2006040815748121e-02
3.4905000000e+02 2.9198289076315508e-02 2.9074089804139856e-02
3.5207000000e+02 2.9086700560927135e-02 2.8777540194140347e-02
3.5511000000e+02 2.8959163158878830e-02 2.8347671696780020e-02
3.5817000000e+02 2.8885445420844768e-02 2.9362324060274947e-02
3.6127000000e+02 2.8855878385443613e-02 3.4210564455803276e-02
3.6439000000e+02 2.8639413335001817e-02 3.0240706533696274e-02
3.6753000000e+02 2.8560486786996717e-02 3.4043911388184835e-02
3.7071000000e+02 2.8401290675323231e-02 3.2732967779774774e-02
3.7391000000e+02 2.8186893834566136e-02 2.8247977530099222e-02
3.7714000000e+02 2.8108952626114899e-02 3.0639354420049170e-02
3.8039000000e+02 2.7902769441480652e-02 2.6037224975784184e-02
3.8368000000e+02 2.7701092752263082e-02 2.2486332424626193e-02
3.8699000000e+02 2.7625292366619043e-02 2.5473515892449450e-02
3.9033000000e+02 2.7429418543641140e-02 2.2866029687432558e-02
3.9370000000e+02 2.7274500450484455e-02 2.3177601725794104e-02
3.9710000000e+02 2.7215174602681094e-02 2.4905012434546854e-02
4.0053000000e+02 2.7118605234448995e-02 2.7479632441123523e-02
4.0399000000e+02 2.6847675045739438e-02 2.5105771270412164e-02
4.0748000000e+02 2.6662382159892174e-02 2.4533796046772645e-02
4.1100000000e+02 2.6667320790572220e-02 2.7064438874560295e-02
4.1454000000e+02 2.6619283785461960e-02 2.7959571035816238e-02
4.1812000000e+02 2.6377341012220584e-02 2.3180246685812200e-02
4.2173000000e+02 2.6189348824349683e-02 2.2567251211308682e-02
4.2538000000e+02 2.6179645008532655e-02 2.6335527010955144e-02
4.2905000000e+02 2.6041856507738992e-02 2.7354545070557481e-02
4.3275000000e+02 2.5802690877230940e-02 2.4086674567191175e-02
4.3649000000e+02 2.5829281903195667e-02 2.7011082025404108e-02
4.4026000000e+02 2.5578884194197654e-02 2.2965333433988853e-02
4.4406000000e+02 2.5543262263550137e-02 2.7306855181368980e-02
4.4790000000e+02 2.5505734433858809e-02 3.0074295055918014e-02
4.5176000000e+02 2.5232316235704308e-02 2.3434214739323951e-02
4.5566000000e+02 2.5206207723407752e-02 2.3616356819702269e-02
4.5960000000e+02 2.4941945867356149e-02 2.3898807481470337e-02
4.6357000000e+02 2.4967523867102621e-02 2.7316468515442689e-02
4.6757000000e+02 2.4693888998886186e-02 2.2449719344769692e-02
4.7161000000e+02 2.4661443448584317e-02 2.5459223541615776e-02
4.7568000000e+02 2.4540539042367384e-02 2.6707568839616856e-02
4.7979000000e+02 2.4315734192257063e-02 1.8772644586868673e-02
4.8393000000e+02 2.4290090120273267e-02 2.2418557745237284e-02
4.8811000000e+02 2.4145481300739506e-02 2.6376119272298729e-02
4.9232000000e+02 2.4018247389907616e-02 2.5125387680940962e-02
4.9658000000e+02 2.4004128035134860e-02 2.6861975244378798e-02
5.0086000000e+02 2.3743531937155029e-02 2.2782307002455301e-02
5.0519000000e+02 2.3522429465835173e-02 1.7423621004949583e-02
5.0955000000e+02 2.3547593954546732e-02 2.6620015475803331e-02
5.1395000000e+02 2.3517312511422115e-02 2.6290803456779893e-02
5.1839000000e+02 2.3334104534848389e-02 2.3924956261999239e-02
5.2287000000e+02 2.3130948002760086e-02 2.2670964947410069e-02
5.2738000000e+02 2.3037838195299747e-02 2.2749446720505773e-02
5.3193000000e+02 2.2927845668167569e-02 2.1994269508853678e-02
5.3653000000e+02 2.2765195371139094e-02 1.8839581070468021e-02
5.4116000000e+02 2.2783056478771938e-02 2.6018831910026428e-02
5.4583000000e+02 2.2616860659183540e-02 1.9483062254693012e-02
5.5055000000e+02 2.2505384754276901e-02 2.3536722550340949e-02
5.5530000000e+02 2.2425573147580986e-02 2.3400094152700196e-02
5.6010000000e+02 2.2253312820592480e-02 1.9401791259728442e-02
5.6493000000e+02 2.2196366680755700e-02 2.5033252242624857e-02
5.6981000000e+02 2.1979664461430105e-02 1.7070304605557342e-02
5.7473000000e+02 2.1964967793400909e-02 2.4714850617972302e-02
5.7969000000e+02 2.1778866591589261e-02 1.9104037479825930e-02
5.8470000000e+02 2.1822950021008571e-02 2.3472595579562133e-02
5.8975000000e+02 2.1690965009799452e-02 2.5067451719947099e-02
5.9484000000e+02 2.1448105111667216e-02 1.6249389185067742e-02
5.9998000000e+02 2.1351198545563329e-02 2.3560902818530505e-02
6.0516000000e+02 2.1242064318629988e-02 2.1564893830613583e-02
6.1038000000e+02 2.1190271342986344e-02 2.1302914455107184e-02
6.1565000000e+02 2.0995791203526022e-02 1.9239965766588471e-02
6.2097000000e+02 2.0961528228159221e-02 2.4375391726986547e-02
6.2633000000e+02 2.0823228945973833e-02 1.8841328478148636e-02
6.3174000000e+02 2.0680784005424984e-02 1.8365506751440330e-02
6.3719000000e+02 2.0711518301305847e-02 2.3592615481614003e-02
6.4270000000e+02 2.0497467817882465e-02 2.1450437434757150e-02
6.4825000000e+02 2.0436793058843598e-02 2.2385956251668844e-02
6.5384000000e+02 2.0194771543188654e-02 1.5156806929450026e-02
6.5949000000e+02 2.0210798945465541e-02 1.8223138217907477e-02
6.6518000000e+02 2.0122577956842091e-02 2.0845438950580785e-02
6.7093000000e+02 1.9987771153392210e-02 1.9285000183228485e-02
6.7672000000e+02 2.0016122118792962e-02 2.3002126138333193e-02
6.8257000000e+02 1.9905352266110874e-02 2.4255291059527260e-02
6.8846000000e+02 1.9679919957103470e-02 1.7702525821069244e-02
6.9440000000e+02 1.9597082152488756e-02 1.8436453203296739e-02
7.0040000000e+02 1.9561067210187168e-02 1.9587485935869876e-02
7.0645000000e+02 1.9445258888941420e-02 1.9423584413730967e-02
7.1255000000e+02 1.9254497139938306e-02 1.6131231987204460e-02
7.1870000000e+02 1.9162798429779367e-02 1.6429678570628315e-02
7.2491000000e+02 1.9106995113985517e-02 1.9140207269622688e-02
7.3117000000e+02 1.9015653155951662e-02 1.8556245019658635e-02
7.3748000000e+02 1.8903681811570958e-02 1.6600827299420411e-02
7.4385000000e+02 1.8771173291227215e-02 1.5810059438116822e-02
7.5027000000e+02 1.8722567824544931e-02 1.7830649270125870e-02
7.5675000000e+02 1.8715680303716873e-02 2.0323800798388972e-02
7.6328000000e+02 1.8627560659563589e-02 2.0860356670719872e-02
7.6988000000e+02 1.8578677566932419e-02 2.2629857162004302e-02
7.7652000000e+02 1.8433699525047829e-02 1.9722072657731425e-02
7.8323000000e+02 1.8275501798999616e-02 1.6673355536169582e-02
7.8999000000e+02 1.8306653717276741e-02 1.9427278002787641e-02
7.9681000000e+02 1.8156329216800878e-02 1.7729093268569182e-02
8.0369000000e+02 1.8040159784897418e-02 1.9621161315366037e-02
8.1063000000e+02 1.7990432850611755e-02 1.9098652586866442e-02
8.1763000000e+02 1.7826700474776507e-02 1.5231505264885916e-02
8.2469000000e+02 1.7829036101519959e-02 2.0316758968983432e-02
8.3181000000e+02 1.7669296065154914e-02 1.7705720110434447e-02
8.3900000000e+02 1.7706211968588188e-02 1.8610339696637123e-02
8.4624000000e+02 1.7518036675367298e-02 1.7378703133420714e-02
8.5355000000e+02 1.7512639798579619e-02 1.8622056464448263e-02
8.6092000000e+02 1.7356185204737945e-02 1.5215696298721007e-02
8.6835000000e+02 1.7262949887443643e-02 1.7608833364610745e-02
8.7585000000e+02 1.7218501974797459e-02 1.6305150485118880e-02
8.8342000000e+02 1.7185666430973696e-02 1.9560577980904981e-02
8.9104000000e+02 1.7104491092988675e-02 1.9062811365843407e-02
8.9874000000e+02 1.6978925304765601e-02 1.7454392454521673e-02
9.0650000000e+02 1.6854361501343462e-02 1.4854411522980320e-02
9.1433000000e+02 1.6746509117071640e-02 1.5913811794706634e-02
9.2222000000e+02 1.6678296185139517e-02 1.6405641882834908e-02
9.3018000000e+02 1.6603237867870487e-02 1.7014388764163672e-02
9.3822000000e+02 1.6552844302355253e-02 1.5751124768363423e-02
9.4632000000e+02 1.6588939406763939e-02 2.0880849422987874e-02
9.5449000000e+02 1.6471744044179296e-02 1.7111979521301161e-02
9.6273000000e+02 1.6305429981726623e-02 1.3593501212598381e-02
9.7104000000e+02 1.6212213800277427e-02 1.6421860734184179e-02
9.7943000000e+02 1.6218440607852307e-02 1.7594569459096272e-02
9.8789000000e+02 1.6107365452940163e-02 1.5984621086478159e-02
9.9642000000e+02 1.5960497880023915e-02 1.2967636463571354e-02
1.0050200000e+03 1.6044025407643190e-02 2.0030484663181539e-02
1.0137000000e+03 1.5811660097947072e-02 1.4508968911852077e-02
1.0224500000e+03 1.5819097462848562e-02 1.7511670349027030e-02
1.0312800000e+03 1.5648032897035428e-02 1.2209169432776366e-02
1.0401900000e+03 1.5620228151883129e-02 1.5232009142208344e-02
1.0491700000e+03 1.5586068299357013e-02 1.5039814701094899e-02
1.0582300000e+03 1.5525353533374371e-02 1.6241405346918827e-02
1.0673700000e+03 1.5403313248302649e-02 1.6570578173003898e-02
1.0765800000e+03 1.5271427169885549e-02 1.2897088659667651e-02
1.0858800000e+03 1.5239978703654575e-02 1.3968910499744181e-02
1.0952600000e+03 1.5206766383762324e-02 1.6109907204010544e-02
1.1047100000e+03 1.5119751664283731e-02 1.4692782191098049e-02
1.1142500000e+03 1.5017056493510735e-02 1.2731672834810807e-02
1.1238700000e+03 1.4903571740194157e-02 1.2718258925343352e-02
1.1335800000e+03 1.4822898187081613e-02 1.4216856297445249e-02
1.1433700000e+03 1.4794433741049596e-02 1.6568907303847264e-02
1.1532400000e+03 1.4783966354286741e-02 1.7188415778274787e-02
1.1632000000e+03 1.4654163343733420e-02 1.3606033717125795e-02
1.1732400000e+03 1.4569276097979381e-02 1.2942244787927687e-02
1.1833700000e+03 1.4572939159897250e-02 1.5240813239361016e-02
1.1935900000e+03 1.4394453683241718e-02 1.2934510137438890e-02
1.2039000000e+03 1.4400676910587915e-02 1.3825020496388642e-02
1.2142900000e+03 1.4298999630175883e-02 1.4135766531869768e-02
1.2247800000e+03 1.4224434488375166e-02 1.3428324056931321e-02
1.2353600000e+03 1.4197947670867836e-02 1.3325961398471427e-02
1.2460200000e+03 1.4130840734516936e-02 1.5065976514100186e-02
1.2567800000e+03 1.3968777427912082e-02 1.0772603705904781e-02
1.2676300000e+03 1.3948255080188569e-02 1.4185093698382650e-02
1.2785800000e+03 1.3875081397963906e-02 1.2772482647009538e-02
1.2896200000e+03 1.3812338886538421e-02 1.3795569967368054e-02
1.3007600000e+03 1.3750353911451293e-02 1.2297682187131254e-02
1.3119900000e+03 1.3693722756681292e-02 1.2725740801292473e-02
1.3233200000e+03 1.3645471553259861e-02 1.5283786828841156e-02
1.3347400000e+03 1.3589938291992749e-02 1.3519733690334967e-02
1.3462700000e+03 1.3487552631555922e-02 1.0136044686343382e-02
1.3579000000e+03 1.3433590134020710e-02 1.2912540444199502e-02
1.3696200000e+03 1.3442004098112626e-02 1.5141937026582715e-02
1.3814500000e+03 1.3264422140541788e-02 1.0659772186344495e-02
1.3933800000e+03 1.3275212151962859e-02 1.2711355969076570e-02
1.4054100000e+03 1.3170095527579173e-02 1.0737303252514829e-02
1.4175400000e+03 1.3126063552867625e-02 1.2674991587575877e-02
1.4297800000e+03 1.3115229689807030e-02 1.2234583253083239e-02
1.4421300000e+03 1.3047095536732061e-02 1.2885238156324100e-02
1.4545800000e+03 1.2979816631320180e-02 1.2564384526942850e-02
1.4671400000e+03 1.2935054950998988e-02 1.2706868398347634e-02
1.4798100000e+03 1.2865177514970660e-02 1.3092496955816929e-02
1.4925900000e+03 1.2819929162907301e-02 1.2925200528629605e-02
1.5054800000e+03 1.2770106445158401e-02 1.3606672757341631e-02
1.5184800000e+03 1.2651560630047163e-02 1.3124515999036593e-02
1.5315900000e+03 1.2598285533150295e-02 1.2705263687706631e-02
1.5448200000e+03 1.2588383240997366e-02 1.3091853648043359e-02
1.5581600000e+03 1.2442601386574865e-02 1.1656940441703702e-02
1.5716100000e+03 1.2452498093164224e-02 1.2180847953412005e-02
1.5851800000e+03 1.2306650565983516e-02 9.5642407476384753e-03
1.5988700000e+03 1.2309387560179030e-02 1.2694366805893000e-02
1.6126800000e+03 1.2269228836612576e-02 1.1519792455821458e-02
1.6266000000e+03 1.2224106040627103e-02 1.4358957123530499e-02
1.6406500000e+03 1.2127865861028672e-02 1.1521486338317590e-02
1.6548100000e+03 1.2086139408414850e-02 1.2755622406384108e-02
1.6691000000e+03 1.1996142312037763e-02 1.1357235531698146e-02
1.6835200000e+03 1.1987216108366606e-02 1.2444225177515145e-02
1.6980500000e+03 1.1943143271644347e-02 1.3647172586116217e-02
1.7127200000e+03 1.1817520023891177e-02 1.1869536022973800e-02
1.7275000000e+03 1.1770262360375606e-02 1.0519110103629055e-02
1.7424200000e+03 1.1741782430612307e-02 1.1483870742707847e-02
1.7574700000e+03 1.1667121524726248e-02 1.1768791445067983e-02
1.7726400000e+03 1.1602880380885274e-02 1.0296969756927062e-02
1.7879500000e+03 1.1618422785997050e-02 1.3317156793138525e-02
1.8033900000e+03 1.1567513354602489e-02 1.3259727617572638e-02
1.8189600000e+03 1.1487250528779899e-02 1.3048025108843928e-02
1.8346700000e+03 1.1403293311438582e-02 1.0845245031681248e-02
1.8505100000e+03 1.1342985833920126e-02 1.1161593298826829e-02
1.8664900000e+03 1.1291987532453345e-02 9.6564192092334807e-03
1.8826100000e+03 1.1284005688717695e-02 1.2323983987850017e-02
1.8988600000e+03 1.1213631261880574e-02 1.3154916367204885e-02
1.9152600000e+03 1.1126189415497718e-02 9.8216991915785149e-03
1.9318000000e+03 1.1104127721876333e-02 1.0569770355919671e-02
1.9484800000e+03 1.1063286280177068e-02 1.2541194069438467e-02
1.9653000000e+03 1.0974773263491087e-02 1.0745127620831922e-02
1.9822700000e+03 1.0963260037872121e-02 1.2095343199703967e-02
1.9993900000e+03 1.0917510396408444e-02 1.0833556012093251e-02
2.0166600000e+03 1.0903884255458580e-02 1.3703623422612334e-02
2.0340700000e+03 1.0834915469828992e-02 1.2089414077153342e-02
2.0516300000e+03 1.0791152965583049e-02 1.2228758183821482e-02
2.0693500000e+03 1.0706526025470425e-02 1.2023375441362012e-02
2.0872200000e+03 1.0638147403530451e-02 1.1555338641620143e-02
2.1052400000e+03 1.0589796431373906e-02 9.6553728792783747e-03
2.1234200000e+03 1.0472582092760713e-02 8.1662543821350055e-03
2.1417600000e+03 1.0508221979550423e-02 1.0655436260465279e-02
2.1602500000e+03 1.0437425555457944e-02 9.5524824279105344e-03
2.1789000000e+03 1.0382444011483789e-02 9.8847987323010464e-03
2.1977200000e+03 1.0309487710168075e-02 9.9590646633602106e-03
2.2167000000e+03 1.0249933697040831e-02 9.0482618562840005e-03
2.2358400000e+03 1.0263965359612867e-02 1.1893289570147035e-02
2.2551400000e+03 1.0235835563550701e-02 1.1404351803622760e-02
2.2746200000e+03 1.0140579015053934e-02 9.2528043037547556e-03
2.2942600000e+03 1.0132729026409651e-02 1.1954441989548332e-02
2.3140700000e+03 1.0047154915141215e-02 9.6393161074578050e-03
2.3340500000e+03 1.0019186367599393e-02 9.2184553089805152e-03
2.3542100000e+03 9.9650954923679782e-03 1.0432916212961302e-02
2.3745300000e+03 9.9063221011449695e-03 1.0282016980827254e-02
2.3950400000e+03 9.8440471657291924e-03 9.0217794916227518e-03
2.4157200000e+03 9.8577505650291972e-03 1.2015058136471194e-02
2.4365800000e+03 9.8184932582230308e-03 1.1954643624281430e-02
2.4576200000e+03 9.7158794579135909e-03 8.8939580899060223e-03
2.4788400000e+03 9.6672902992642629e-03 8.5485444332044722e-03
2.5002500000e+03 9.6384365450646187e-03 8.1260631753193209e-03
2.5218400000e+03 9.6266470419362395e-03 9.2727574925600461e-03
2.5436100000e+03 9.5387895754146940e-03 8.8791569962779586e-03
2.5655800000e+03 9.4842923337227630e-03 8.2273385684429254e-03
2.5877300000e+03 9.4635534823798440e-03 9.0027095083671307e-03
2.6100800000e+03 9.4345212423475461e-03 1.0590350484739226e-02
2.6326100000e+03 9.4218703690470418e-03 1.0257932983196572e-02
2.6553500000e+03 9.2924341309945490e-03 7.9700245126497812e-03
2.6782700000e+03 9.3142297269916147e-03 1.0492835910246979e-02
2.7014000000e+03 9.2337589436419232e-03 7.7475071233836694e-03
2.7247300000e+03 9.1926406996259702e-03 9.5673214478206141e-03
2.7482600000e+03 9.1454282608525901e-03 8.4808515540406026e-03
2.7719900000e+03 9.0963811492420672e-03 8.6881135853514053e-03
2.7959200000e+03 9.0437731500907885e-03 8.8000085583243674e-03
2.8200700000e+03 9.0576162667245653e-03 9.9027314456607250e-03
2.8444200000e+03 8.9702793403459453e-03 7.4090552301372369e-03
2.8689800000e+03 8.9684083900798423e-03 9.3638075574583521e-03
2.8937500000e+03 8.8604952900827871e-03 7.2790772755432012e-03
2.9187400000e+03 8.8584289173067321e-03 8.2624492750258127e-03
2.9439400000e+03 8.8241356956612130e-03 8.5179787510018395e-03
2.9693700000e+03 8.7802641262742284e-03 9.0586069572988013e-03
2.9950100000e+03 8.7423697147788332e-03 8.3297771106225632e-03
3.0208700000e+03 8.7108513537750877e-03 7.6940379250132543e-03
3.0469500000e+03 8.6598871430160831e-03 9.3846168852043180e-03
3.0732600000e+03 8.6250406868811306e-03 7.8335848487453390e-03
3.0998000000e+03 8.6292483627954351e-03 9.4608460382716274e-03
3.1265700000e+03 8.5675489939514276e-03 9.3202971454240668e-03
3.1535700000e+03 8.5213445664397893e-03 8.5602244200239357e-03
3.1808000000e+03 8.4451008066593596e-03 7.3624500737716324e-03
3.2082600000e+03 8.4319624414402501e-03 8.2187166186798860e-03
3.2359700000e+03 8.3752425244845493e-03 7.7423038753678588e-03
3.2639100000e+03 8.3827606196169337e-03 9.4509448132224280e-03
3.2920900000e+03 8.3512186671633858e-03 9.6194602880969420e-03
3.3205200000e+03 8.2898276803371473e-03 8.3028836844964947e-03
3.3491900000e+03 8.2570253682103210e-03 8.0910048609499248e-03
3.3781100000e+03 8.2033485109159875e-03 8.5062982621386569e-03
3.4072800000e+03 8.1909000897198350e-03 8.8329324854952845e-03
3.4367100000e+03 8.1182793003445469e-03 8.0669893526419331e-03
3.4663800000e+03 8.0909943471975700e-03 7.6825839728263227e-03
3.4963100000e+03 8.0536224246470570e-03 7.7331662856159550e-03
3.5265000000e+03 8.0204202261640548e-03 8.2746031117227944e-03
3.5569600000e+03 7.9619295812348341e-03 7.8796254344899105e-03
3.5876700000e+03 7.9788864850190450e-03 9.2739696786704115e-03
3.6186500000e+03 7.9303562966332401e-03 9.5502279328601291e-03
3.6499000000e+03 7.8671644581331419e-03 8.6498832145374335e-03
3.6814100000e+03 7.8269324850567690e-03 7.9148578686055321e-03
3.7132000000e+03 7.7606146340943403e-03 5.7917461256563763e-03
3.7452700000e+03 7.7827999602962123e-03 8.7057794138207609e-03
3.7776100000e+03 7.7115080885127446e-03 7.6225989141725792e-03
3.8102300000e+03 7.7140441100616609e-03 8.1439877314459005e-03
3.8431300000e+03 7.6754080027490543e-03 8.1074127357364627e-03
3.8763100000e+03 7.6479451053693996e-03 8.3551646561024692e-03
3.9097900000e+03 7.6258810400302718e-03 9.4272025353307649e-03
3.9435500000e+03 7.5428616381158029e-03 8.0675632243564603e-03
3.9776000000e+03 7.5297322783041652e-03 8.1455544068645223e-03
4.0119500000e+03 7.5108235099415107e-03 8.3787938974700452e-03
4.0465900000e+03 7.4644861867725985e-03 7.8265496131029230e-03
4.0815300000e+03 7.4225858760173184e-03 6.9532112544009360e-03
4.1167800000e+03 7.3792332654868138e-03 8.0670424795382580e-03
4.1523200000e+03 7.3570984353181343e-03 7.4598005709323656e-03
4.1881800000e+03 7.2938573792312071e-03 6.9192441635547754e-03
4.2243400000e+03 7.2541929638644280e-03 6.9511978616270398e-03
4.2608200000e+03 7.2096287714747348e-03 5.2691917321523191e-03
4.2976100000e+03 7.2401175109313553e-03 8.0489940101090285e-03
4.3347200000e+03 7.1830040607856445e-03 7.0946197258789662e-03
4.3721500000e+03 7.1691726906836332e-03 6.6952033388041308e-03
4.4099100000e+03 7.1220400485177728e-03 6.5839958507015392e-03
4.4479900001e+03 7.1181233326595740e-03 8.0045885680819443e-03
4.4864000001e+03 7.0169087253694230e-03 5.3019137192358273e-03
4.5251400001e+03 7.0379069044214648e-03 7.6440847026213003e-03
4.5642100001e+03 6.9715267515881741e-03 6.4095637053451305e-03
4.6036200001e+03 6.9346993174837892e-03 5.9881567842281977e-03
4.6433700001e+03 6.9470584233875610e-03 8.2752723829448462e-03
4.6834700001e+03 6.8875702972331834e-03 6.4465514333198826e-03
4.7239100001e+03 6.8938821792610761e-03 8.4711864992536978e-03
4.7647000001e+03 6.8362437600864310e-03 7.4015611048816564e-03
4.8058500001e+03 6.7959039057988542e-03 6.5792354655828727e-03
4.8473500001e+03 6.8006309332661382e-03 7.8970330054230313e-03
4.8892000001e+03 6.7019387221023729e-03 5.4853277285248515e-03
4.9314200001e+03 6.7202850375815224e-03 7.3607069766703842e-03
4.9740000001e+03 6.6891892633307651e-03 7.3085840702698419e-03
5.0169500001e+03 6.6232039048421017e-03 6.1350119281697382e-03
5.0602800001e+03 6.6552968079832270e-03 8.2884565433491205e-03
5.1039700001e+03 6.5690903564929971e-03 6.6419452312149220e-03
5.1480400001e+03 6.5409326023312892e-03 5.8596105496080738e-03
5.1925000001e+03 6.5037576502540318e-03 5.5084560544508407e-03
5.2373300001e+03 6.5120127908873671e-03 6.8395520392575421e-03
5.2825600001e+03 6.4512682287623160e-03 5.8313367016884915e-03
5.3281700001e+03 6.4296445304075035e-03 5.7267280039877766e-03
5.3741800001e+03 6.3989739198350038e-03 5.8263917762493098e-03
5.4205900001e+03 6.3965525212496292e-03 6.4389167670130514e-03
5.4674000001e+03 6.3623815679193750e-03 5.9851132010844740e-03
5.5146100001e+03 6.3202335482752435e-03 5.9946630395017533e-03
5.5622300001e+03 6.3125252414858871e-03 7.4695093036748622e-03
5.6102600001e+03 6.2603492626523627e-03 5.9309838129065536e-03
5.6587000001e+03 6.2648910800000837e-03 7.1053470922293862e-03
5.7075600001e+03 6.2365341279123580e-03 7.6702517665780843e-03
5.7568500001e+03 6.2023145011672115e-03 7.1629725927678618e-03
5.8065600001e+03 6.1376515805227714e-03 5.8824597783063252e-03
5.8567000001e+03 6.1257587775468353e-03 6.4129269716815566e-03
5.9072700001e+03 6.0734636351158847e-03 4.9951750053805685e-03
5.9582800001e+03 6.0901421242630484e-03 6.7839223373252489e-03
6.0097300001e+03 6.0293072608297651e-03 5.6238786947666623e-03
6.0616200001e+03 6.0195226904946383e-03 5.7799362220942894e-03
6.1139700001e+03 5.9613236558935471e-03 4.7789254101638446e-03
6.1667600001e+03 5.9587710887710858e-03 5.1795228970894988e-03
6.2200100001e+03 5.9155990547325949e-03 5.8694477888471246e-03
6.2737200001e+03 5.8968164368835901e-03 5.8112250558177087e-03
6.3278900001e+03 5.9002624889113332e-03 6.4336057045232958e-03
6.3825400001e+03 5.8484909280076651e-03 5.8415162954929146e-03
6.4376500001e+03 5.8197963676674559e-03 5.6406453092236975e-03
6.4932400001e+03 5.7883277347921397e-03 5.6437625190442226e-03
6.5493100001e+03 5.8009130167238979e-03 6.8158177399759035e-03
6.6058600001e+03 5.7795580248791107e-03 6.3238810332508846e-03
6.6629000001e+03 5.7352708888061994e-03 5.9061712875012867e-03
6.7204400001e+03 5.6742223083577287e-03 4.9727049290599458e-03
6.7784700001e+03 5.6656459875730984e-03 5.6809098196774731e-03
6.8370000001e+03 5.6385684394721280e-03 5.7765522537575930e-03
6.8960400001e+03 5.6254484561908602e-03 5.9409042238944953e-03
6.9555900001e+03 5.5851961935081641e-03 5.4375788725159269e-03
7.0156500001e+03 5.5444418633757630e-03 4.8010256783172101e-03
7.0762300001e+03 5.5508898088714705e-03 5.2869818462356992e-03
7.1373300001e+03 5.5084238259803632e-03 5.0196766916836780e-03
7.1989600001e+03 5.4951472179004361e-03 5.5678532469655654e-03
7.2611300001e+03 5.5032106753250837e-03 6.3783786835249993e-03
7.3238300001e+03 5.4544889789549661e-03 5.2881821756987704e-03
7.3870700001e+03 5.4269132540891562e-03 5.7043117687435646e-03
7.4508500001e+03 5.4045222688221921e-03 5.6378199667085314e-03
7.5151900001e+03 5.3936724684102494e-03 5.3989298211709899e-03
7.5800900001e+03 5.3756789563891858e-03 5.8117018389755434e-03
7.6455400001e+03 5.3001706645104136e-03 4.4548530147742477e-03
7.7115600001e+03 5.2921727675374949e-03 5.3010002484059574e-03
7.7781500001e+03 5.2608527822805154e-03 4.3120576232067538e-03
7.8453100001e+03 5.2663178297602609e-03 6.1370553578740834e-03
7.9130600001e+03 5.2494543944160785e-03 5.7920166940491373e-03
7.9813900001e+03 5.2124040270887127e-03 5.8244492005489409e-03
8.0503100001e+03 5.2014118286277241e-03 5.6894368418171836e-03
8.1198200001e+03 5.1837709026247387e-03 6.2384121272927992e-03
8.1899400001e+03 5.1184474118192991e-03 4.3005651463089841e-03
8.2606600001e+03 5.1197294093338012e-03 5.0734723402734178e-03
8.3319900001e+03 5.0767095796615605e-03 4.3724503628646905e-03
8.4039400001e+03 5.0844344314293294e-03 5.4330334008508814e-03
8.4765000001e+03 5.0654200572769125e-03 5.9645192143335472e-03
8.5497000001e+03 5.0137210522290653e-03 4.9481294067560151e-03
8.6235200001e+03 5.0017900101237819e-03 4.2409040466403307e-03
8.6979900001e+03 4.9688854012550311e-03 4.7253756037218021e-03
8.7731000001e+03 4.9706777337854575e-03 5.6205900449857677e-03
8.8488500001e+03 4.9334401491896371e-03 4.4066866853814720e-03
8.9252600001e+03 4.9143161085224447e-03 4.8660595226511193e-03
9.0023300002e+03 4.9104538112213309e-03 5.5142617761257300e-03
9.0800700002e+03 4.8740502598150059e-03 5.4261420419686179e-03
9.1584700002e+03 4.8614958917732841e-03 5.0451975649290562e-03
9.2375600002e+03 4.8356809265115456e-03 5.0023493979824826e-03
9.3173200002e+03 4.7891463345748064e-03 4.4544997540701733e-03
9.3977800002e+03 4.7709178258584489e-03 4.9445993183891788e-03
9.4789300002e+03 4.7764181541462428e-03 5.4228229449908797e-03
9.5607800002e+03 4.7314455563629400e-03 4.3067747041754187e-03
9.6433400002e+03 4.7281739028886853e-03 4.8154421968768252e-03
9.7266100002e+03 4.7063019849315282e-03 5.0930303699806192e-03
9.8106000002e+03 4.6930915027117827e-03 5.2540301608685822e-03
9.8953100002e+03 4.6384411745123378e-03 3.9496697355376094e-03
9.9807600002e+03 4.6487796518396140e-03 5.1995686817160255e-03
1.0066940000e+04 4.6074389185146638e-03 4.9067745115064509e-03
1.0153870000e+04 4.5833966453225220e-03 4.7844365442798256e-03
1.0241550000e+04 4.5775101151217133e-03 4.3010971720589880e-03
1.0329990000e+04 4.5706965395670290e-03 5.4608965339240489e-03
1.0419190000e+04 4.5179834282299946e-03 4.3230018988873360e-03
1.0509160000e+04 4.4987141128093521e-03 4.1366389838909477e-03
1.0599900000e+04 4.5004377258422660e-03 4.4254216530573856e-03
1.0691430000e+04 4.4851900798072468e-03 5.3243858371855805e-03
1.0783750000e+04 4.4341366823517818e-03 4.2408276116004803e-03
1.0876870000e+04 4.4147147124341344e-03 4.1046801008009972e-03
1.0970790000e+04 4.4214400852021869e-03 4.4488372322084909e-03
1.1065530000e+04 4.4117318719641141e-03 5.4629988684219023e-03
1.1161080000e+04 4.3477287042610804e-03 3.7463815285194548e-03
1.1257450000e+04 4.3436035470757134e-03 4.3247429442615721e-03
1.1354660000e+04 4.3365221432909778e-03 3.8230624971019415e-03
1.1452710000e+04 4.3174608694894270e-03 4.7305765476918834e-03
1.1551600000e+04 4.3144478059802130e-03 5.0078521863449734e-03
1.1651350000e+04 4.2936081224394700e-03 4.7044649874084981e-03
1.1751960000e+04 4.2566467354070948e-03 4.4570226904630866e-03
1.1853440000e+04 4.2345119576000937e-03 3.4241879651817613e-03
1.1955800000e+04 4.2339600774913876e-03 4.8261403928492085e-03
1.2059030000e+04 4.1946530727852817e-03 4.2980298267261356e-03
1.2163160000e+04 4.1744093524673283e-03 3.8969147121053847e-03
1.2268190000e+04 4.1624927160945884e-03 4.1704796505203602e-03
1.2374130000e+04 4.1511643218562965e-03 4.4445341246831587e-03
1.2480980000e+04 4.1104523582547025e-03 3.2771058920210492e-03
1.2588750000e+04 4.1118694905960982e-03 4.0270992714907779e-03
1.2697460000e+04 4.0957595325940522e-03 4.4820473910640399e-03
1.2807100000e+04 4.0756167728847161e-03 4.0538490242203523e-03
1.2917690000e+04 4.0401556009197785e-03 3.0994253078492811e-03
1.3029240000e+04 4.0350583233320879e-03 3.7392411524687450e-03
1.3141740000e+04 4.0377718955733185e-03 4.9546371368444442e-03
1.3255220000e+04 4.0124737042257618e-03 4.3234010271952974e-03
1.3369680000e+04 3.9628653649396769e-03 3.5329468807535572e-03
1.3485130000e+04 3.9575439956727508e-03 4.0099080351872658e-03
1.3601570000e+04 3.9364740399685915e-03 3.6518440654417041e-03
1.3719020000e+04 3.9351280768700194e-03 4.0096966835360308e-03
1.3837490000e+04 3.9186867946322170e-03 4.4895726808139164e-03
1.3956980000e+04 3.8800164641214028e-03 3.1404453976155633e-03
1.4077490000e+04 3.8817529535275066e-03 3.7032946064541128e-03
1.4199050000e+04 3.8624555729648287e-03 3.8054679834041570e-03
1.4321660000e+04 3.8289875842565510e-03 3.2119754203133533e-03
1.4445330000e+04 3.8324778955205001e-03 3.6175852463478878e-03
1.4570070000e+04 3.8174910201315159e-03 3.6157280226551936e-03
1.4695880000e+04 3.7774450764376105e-03 3.2395202988083241e-03
1.4822780000e+04 3.7874850857762322e-03 3.9441043201110249e-03
1.4950770000e+04 3.7665823281725283e-03 3.9414628646310167e-03
1.5079870000e+04 3.7468220993840951e-03 3.4654003912098974e-03
1.5210090000e+04 3.7135428608515092e-03 3.3403895835275206e-03
1.5341430000e+04 3.6956842696599518e-03 3.8929983227563997e-03
1.5473900000e+04 3.6846155005534112e-03 3.6733412856573581e-03
1.5607520000e+04 3.6823993938828866e-03 4.0206634109923702e-03
1.5742290000e+04 3.6352939541996051e-03 2.5360912861555548e-03
1.5878230000e+04 3.6327523552878538e-03 3.2603797420916007e-03
1.6015330000e+04 3.6191646436914953e-03 3.3757057941451543e-03
1.6153630000e+04 3.6142510518886728e-03 3.2946951907161411e-03
1.6293110000e+04 3.5871132694994248e-03 3.0720216417301376e-03
1.6433810000e+04 3.5803591140176586e-03 4.1606593545062270e-03
1.6575710000e+04 3.5517005964615525e-03 3.4872215936049915e-03
1.6718840000e+04 3.5550719310316566e-03 3.5435148936773971e-03
1.6863210000e+04 3.5181820511309978e-03 3.5120036690408085e-03
1.7008830000e+04 3.5241474859538323e-03 4.2531988681357887e-03
1.7155700000e+04 3.5059090898104258e-03 3.2883140233420493e-03
1.7303840000e+04 3.4778443724552376e-03 3.3893670891416800e-03
1.7453260000e+04 3.4699885143597425e-03 3.1992198154929992e-03
1.7603970000e+04 3.4635983475402839e-03 3.8482331184381954e-03
1.7755980000e+04 3.4479460607357792e-03 3.4832086964846835e-03
1.7909300000e+04 3.4368509948696532e-03 4.1262984884968251e-03
1.8063950000e+04 3.4190223603188098e-03 3.6306362880472415e-03
1.8219930000e+04 3.4027043090136188e-03 3.2776445752526690e-03
1.8377260000e+04 3.3705471018689089e-03 3.3638824227977858e-03
1.8535950000e+04 3.3648323539385572e-03 3.1075088597231674e-03
1.8696010000e+04 3.3414444747546439e-03 3.2808926309043827e-03
1.8857450000e+04 3.3366166172739916e-03 3.1686868299605018e-03
1.9020280000e+04 3.3347995439244331e-03 3.7123003139666317e-03
1.9184520000e+04 3.3248754380766805e-03 4.1586627143765072e-03
1.9350180000e+04 3.2907171137969305e-03 3.1953871556804382e-03
1.9517270000e+04 3.2791980823438306e-03 3.5931884710018284e-03
1.9685800000e+04 3.2506413612078625e-03 2.8778601955227268e-03
1.9855790000e+04 3.2573481202244014e-03 3.5667919856165716e-03
2.0027240000e+04 3.2377113023792912e-03 3.4967909723007955e-03
2.0200180000e+04 3.2127507641931865e-03 2.9651996507789810e-03
2.0374610000e+04 3.2067775748001576e-03 3.3014068023003670e-03
2.0550540000e+04 3.1876058364931053e-03 3.0981514894336910e-03
2.0728000000e+04 3.1785480284703457e-03 3.4498905379205936e-03
2.0906990000e+04 3.1670109678776409e-03 3.5691103691730462e-03
2.1087520000e+04 3.1428921235535836e-03 3.2605301120164900e-03
2.1269610000e+04 3.1406795468649860e-03 3.4799825939503298e-03
2.1453269999e+04 3.1232529423220303e-03 2.7745234632032506e-03
2.1638519999e+04 3.0971671528873591e-03 2.8968039014649733e-03
2.1825369999e+04 3.0982243702786217e-03 3.4434083196078582e-03
2.2013829999e+04 3.0804323298121647e-03 2.8271427314567111e-03
2.2203919999e+04 3.0603751591961196e-03 3.2440480139231858e-03
2.2395659999e+04 3.0563796236727407e-03 3.1015097312827094e-03
2.2589039999e+04 3.0262411080356553e-03 2.4471599459592510e-03
2.2784099999e+04 3.0325298165461232e-03 2.9572894561094272e-03
2.2980839999e+04 3.0097340794801529e-03 2.9350694130836179e-03
2.3179279999e+04 2.9926012619220180e-03 2.6116169760386949e-03
2.3379429999e+04 2.9845063438675148e-03 2.8917529091165703e-03
2.3581319999e+04 2.9738265854384553e-03 2.7844747675334026e-03
2.3784939999e+04 2.9674303018406524e-03 3.1684243486513582e-03
2.3990329999e+04 2.9397106794030099e-03 2.4257480100279131e-03
2.4197479999e+04 2.9168917745812464e-03 2.1189638418243322e-03
2.4406429999e+04 2.9212290413185788e-03 3.2109913254757551e-03
2.4617179999e+04 2.9086360683063910e-03 2.9070878863021168e-03
2.4829749999e+04 2.9035968385889410e-03 3.3957565088563613e-03
2.5044149999e+04 2.8821520036686971e-03 3.0344461825940680e-03
2.5260409999e+04 2.8749590783388431e-03 3.3291674768706242e-03
2.5478539999e+04 2.8612643544189201e-03 2.8233243976801903e-03
2.5698539999e+04 2.8405537787778651e-03 2.5374710338737054e-03
2.5920449999e+04 2.8328207739840789e-03 2.5616933267417702e-03
2.6144269999e+04 2.8088221668788145e-03 2.5576171219094902e-03
2.6370029999e+04 2.8010812935792819e-03 2.4957480951780875e-03
2.6597739999e+04 2.8016516143100105e-03 3.1782927358205270e-03
2.6827409999e+04 2.7758683216691587e-03 2.3376498314924480e-03
2.7059059999e+04 2.7776100151472556e-03 2.7934052436233000e-03
2.7292719999e+04 2.7622801997604285e-03 2.9043164834649114e-03
2.7528389999e+04 2.7414867409687399e-03 2.6607757837036209e-03
2.7766099998e+04 2.7433666092128192e-03 3.1373494723006910e-03
2.8005859998e+04 2.7228719355351068e-03 2.3988822496023203e-03
2.8247689998e+04 2.7188546013829453e-03 2.8142233964586092e-03
2.8491609998e+04 2.6842454650551719e-03 2.0659985950972929e-03
2.8737639998e+04 2.6776342639964162e-03 2.4825839432838061e-03
2.8985789998e+04 2.6708644105120673e-03 2.7682387737623330e-03
2.9236079998e+04 2.6721099931633786e-03 2.8696798342151475e-03
2.9488539998e+04 2.6570217257706058e-03 2.6433358049157956e-03
2.9743169998e+04 2.6327075350605000e-03 2.5592816652924011e-03
