# t E S  (m=6 n=5 eps=0 alpha=1 mu=1 h=0.02 seed=1) BACD splitting
1.0000000000e+00 3.7488725721490281e+00 2.5019034399701692e+00
1.0200000000e+00 3.7377666543058350e+00 2.5390471782055286e+00
1.0400000000e+00 3.7265067742510882e+00 2.5750755607913867e+00
1.0600000000e+00 3.7150989906546426e+00 2.6099551556604013e+00
1.0800000000e+00 3.7035497311087640e+00 2.6436552732394110e+00
1.1000000000e+00 3.6918658476068296e+00 2.6761481301682117e+00
1.1200000000e+00 3.6800546717590503e+00 2.7074089990440067e+00
1.1400000000e+00 3.6681240676843507e+00 2.7374163437076393e+00
1.1600000000e+00 3.6560824804935690e+00 2.7661519395749292e+00
1.1800000000e+00 3.6439389783174621e+00 2.7936009785053240e+00
1.2000000000e+00 3.6317032859332761e+00 2.8197521576932445e+00
1.2200000000e+00 3.6193858082033010e+00 2.8445977520675885e+00
1.2400000000e+00 3.6069976417534551e+00 2.8681336696942119e+00
1.2600000000e+00 3.5945505735831458e+00 2.8903594896970515e+00
1.2800000000e+00 3.5820570656017936e+00 2.9112784822474600e+00
1.3000000000e+00 3.5695302244229898e+00 2.9308976102198021e+00
1.3200000000e+00 3.5569837561046982e+00 2.9492275121750837e+00
1.3400000000e+00 3.5444319058920537e+00 2.9662824664137548e+00
1.3600000000e+00 3.5318893833878673e+00 2.9820803359336225e+00
1.3800000000e+00 3.5193712739340497e+00 2.9966424942382672e+00
1.4000000000e+00 3.5068929373249604e+00 3.0099937320642720e+00
1.4200000000e+00 3.4944698952822759e+00 3.0221621452302880e+00
1.4400000000e+00 3.4821177093923326e+00 3.0331790039553383e+00
1.4600000000e+00 3.4698518514347971e+00 3.0430786041454478e+00
1.4800000000e+00 3.4576875682110848e+00 3.0518981013040278e+00
1.5000000000e+00 3.4456397431089769e+00 3.0596773278795295e+00
1.5200000000e+00 3.4337227567148778e+00 3.0664585950209138e+00
1.5400000000e+00 3.4219503488071710e+00 3.0722864798644718e+00
1.5600000000e+00 3.4103354840347504e+00 3.0772075996216244e+00
1.5800000000e+00 3.3988902235068377e+00 3.0812703738739002e+00
1.6000000000e+00 3.3876256043978130e+00 3.0845247766057931e+00
1.6200000000e+00 3.3765515295086828e+00 3.0870220796164514e+00
1.6400000000e+00 3.3656766685309480e+00 3.0888145890452421e+00
1.6600000000e+00 3.3550083725347899e+00 3.0899553768225747e+00
1.6800000000e+00 3.3445526029582617e+00 3.0904980089147767e+00
1.7000000000e+00 3.3343138761138351e+00 3.0904962722694460e+00
1.7200000000e+00 3.3242952239594872e+00 3.0900039023850461e+00
1.7400000000e+00 3.3144981716095430e+00 3.0890743134255430e+00
1.7600000000e+00 3.3049227317912404e+00 3.0877603327777301e+00
1.7800000000e+00 3.2955674161914326e+00 3.0861139419061852e+00
1.8000000000e+00 3.2864292633885728e+00 3.0841860252993420e+00
1.8200000000e+00 3.2775038828317880e+00 3.0820261292210889e+00
1.8400000000e+00 3.2687855141145961e+00 3.0796822318868871e+00
1.8600000000e+00 3.2602671005981696e+00 3.0772005265732041e+00
1.8800000000e+00 3.2519403762696060e+00 3.0746252190456911e+00
1.9000000000e+00 3.2437959645756704e+00 3.0719983405568132e+00
1.9200000000e+00 3.2358234878523495e+00 3.0693595775193252e+00
1.9400000000e+00 3.2280116858752765e+00 3.0667461188100367e+00
1.9600000000e+00 3.2203485419850923e+00 3.0641925215005408e+00
1.9800000000e+00 3.2128214151940582e+00 3.0617305956498413e+00
2.0000000000e+00 3.2054171766545454e+00 3.0593893086299504e+00
2.0200000000e+00 3.1981223488646924e+00 3.0571947092911564e+00
2.0400000000e+00 3.1909232459997927e+00 3.0551698721105409e+00
2.0600000000e+00 3.1838061137881390e+00 3.0533348613068028e+00
2.0800000000e+00 3.1767572673951823e+00 3.0517067147480859e+00
2.1000000000e+00 3.1697632258381798e+00 3.0502994473284373e+00
2.1400000000e+00 3.1558874235790291e+00 3.0481886472631574e+00
2.1600000000e+00 3.1489808537434629e+00 3.0474983221558789e+00
2.2000000000e+00 3.1351732826196477e+00 3.0468595474052944e+00
2.2200000000e+00 3.1282518245875108e+00 3.0469076521811815e+00
2.2600000000e+00 3.1143293500289335e+00 3.0477112422548727e+00
2.2800000000e+00 3.1073136866663722e+00 3.0484486428010120e+00
2.3200000000e+00 3.0931450228059680e+00 3.0505336071351214e+00
2.3400000000e+00 3.0859839858342681e+00 3.0518510931004204e+00
2.3800000000e+00 3.0714968635735040e+00 3.0549487803785129e+00
2.4000000000e+00 3.0641694419650292e+00 3.0566899717148099e+00
2.4400000000e+00 3.0493514297850322e+00 3.0604514664063394e+00
2.4800000000e+00 3.0343332141159256e+00 3.0644351875891673e+00
2.5000000000e+00 3.0267587538947685e+00 3.0664522966313648e+00
2.5400000000e+00 3.0115049168019259e+00 3.0704189087311287e+00
2.5800000000e+00 2.9961520559610983e+00 3.0741387825413735e+00
2.6000000000e+00 2.9884552924562779e+00 3.0758486669059169e+00
2.6400000000e+00 2.9730566891937031e+00 3.0788580296897639e+00
2.6800000000e+00 2.9576992667624964e+00 3.0811820723701238e+00
2.7200000000e+00 2.9424387288986007e+00 3.0826685164674394e+00
2.7600000000e+00 2.9273262130677149e+00 3.0831830439469425e+00
2.7800000000e+00 2.9198396224456791e+00 3.0830393539749572e+00
2.8200000000e+00 2.9050295731918245e+00 3.0818889588182010e+00
2.8600000000e+00 2.8904619622527652e+00 3.0795230483933724e+00
2.9000000000e+00 2.8761581089795727e+00 3.0758844225038247e+00
2.9400000000e+00 2.8621295610688375e+00 3.0709397215523215e+00
2.9800000000e+00 2.8483787063074795e+00 3.0646793690166612e+00
3.0200000000e+00 2.8348998943848307e+00 3.0571171303405720e+00
3.0600000000e+00 2.8216809378227170e+00 3.0482893352757325e+00
3.1000000000e+00 2.8087048411007522e+00 3.0382538024966639e+00
3.1400000000e+00 2.7959515999155453e+00 3.0270884957711655e+00
3.1800000000e+00 2.7833999184239584e+00 3.0148899314981588e+00
3.2400000000e+00 2.7649045501089979e+00 2.9949065093961282e+00
3.2800000000e+00 2.7527677825297650e+00 2.9806516811289145e+00
3.3200000000e+00 2.7407664641078768e+00 2.9658190217862286e+00
3.3600000000e+00 2.7288869132795295e+00 2.9505626050572178e+00
3.4000000000e+00 2.7171178141489225e+00 2.9350422214448506e+00
3.4600000000e+00 2.6996508615227044e+00 2.9116221849906001e+00
3.5000000000e+00 2.6881186416875287e+00 2.8961511184121393e+00
3.5400000000e+00 2.6766667856169306e+00 2.8809760698939457e+00
3.6000000000e+00 2.6596195583489779e+00 2.8590870397100141e+00
3.6400000000e+00 2.6483261454569567e+00 2.8452691211395638e+00
3.7000000000e+00 2.6314618623185853e+00 2.8259856916414514e+00
3.7400000000e+00 2.6202494812510682e+00 2.8142228009766845e+00
3.8000000000e+00 2.6034421713722402e+00 2.7983756866174332e+00
3.8400000000e+00 2.5922270742980351e+00 2.7890603457315706e+00
3.9000000000e+00 2.5753677034681952e+00 2.7769766875606612e+00
3.9600000000e+00 2.5584565233834144e+00 2.7670837234433781e+00
4.0000000000e+00 2.5471605992931687e+00 2.7616174495374963e+00
4.0600000000e+00 2.5302144913990605e+00 2.7549113994311671e+00
4.1200000000e+00 2.5133246523033890e+00 2.7496874070843309e+00
4.1600000000e+00 2.5021376781188391e+00 2.7468274358891813e+00
4.2200000000e+00 2.4855378060601874e+00 2.7431358512636201e+00
4.2800000000e+00 2.4692413471205135e+00 2.7397345952834686e+00
4.3400000000e+00 2.4533367992213839e+00 2.7361333102309233e+00
4.4000000000e+00 2.4378930977035855e+00 2.7318516736034106e+00
4.4600000000e+00 2.4229524871794350e+00 2.7264397997612573e+00
4.5200000000e+00 2.4085275745412251e+00 2.7194971130734729e+00
4.5800000000e+00 2.3946024892349107e+00 2.7106893338853331e+00
4.6400000000e+00 2.3811373631734858e+00 2.6997631859941040e+00
4.7000000000e+00 2.3680749207350678e+00 2.6865583522003047e+00
4.7600000000e+00 2.3553478698317312e+00 2.6710161250536508e+00
4.8400000000e+00 2.3387790965476709e+00 2.6467550273543980e+00
4.9000000000e+00 2.3265672012189325e+00 2.6261281662457194e+00
4.9600000000e+00 2.3144754003428476e+00 2.6037294360982415e+00
5.0200000000e+00 2.3024576882763896e+00 2.5799364219306042e+00
5.1000000000e+00 2.2864919117653777e+00 2.5468303019558172e+00
5.1600000000e+00 2.2745343990940503e+00 2.5216245318540373e+00
5.2400000000e+00 2.2585985841323679e+00 2.4885353505459689e+00
5.3000000000e+00 2.2466564256387813e+00 2.4647938151377065e+00
5.3800000000e+00 2.2307689858574142e+00 2.4354959538484304e+00
5.4600000000e+00 2.2149623360600712e+00 2.4097656662351641e+00
5.5200000000e+00 2.2031923239184823e+00 2.3932276492097895e+00
5.6000000000e+00 2.1876583875741682e+00 2.3751471556985004e+00
5.6800000000e+00 2.1723585559399532e+00 2.3615971986943576e+00
5.7600000000e+00 2.1573430599881664e+00 2.3521936767918419e+00
5.8200000000e+00 2.1462904207146241e+00 2.3474172932597095e+00
5.9000000000e+00 2.1318446064374177e+00 2.3432461349048106e+00
5.9800000000e+00 2.1177172008279301e+00 2.3404192471359289e+00
6.0600000000e+00 2.1038555036652724e+00 2.3375310220154706e+00
6.1400000000e+00 2.0901679589509188e+00 2.3331511691227171e+00
6.2400000000e+00 2.0731219037951170e+00 2.3235789747235871e+00
6.3200000000e+00 2.0593885671000964e+00 2.3113565571228238e+00
6.4000000000e+00 2.0454716316409547e+00 2.2943432644397559e+00
6.4800000000e+00 2.0313399479707033e+00 2.2723327938706701e+00
6.5800000000e+00 2.0134402851364852e+00 2.2382718982521710e+00
6.6600000000e+00 1.9990724454626105e+00 2.2067973402828494e+00
6.7600000000e+00 1.9813214331871170e+00 2.1643175653905091e+00
6.8400000000e+00 1.9674978436320012e+00 2.1298424270789336e+00
6.9400000000e+00 1.9509114413318325e+00 2.0891140648645847e+00
7.0400000000e+00 1.9352011474675710e+00 2.0542131985614231e+00
7.1200000000e+00 1.9232253627046296e+00 2.0324263417226276e+00
7.2200000000e+00 1.9088165801025800e+00 2.0144695097197363e+00
7.3200000000e+00 1.8947506437442381e+00 2.0074360806883087e+00
7.4200000000e+00 1.8807310009359250e+00 2.0106122269842905e+00
7.5200000000e+00 1.8665472780918577e+00 2.0219107145257862e+00
7.6200000000e+00 1.8521209972000126e+00 2.0381361594065668e+00
7.7200000000e+00 1.8375034971333057e+00 2.0554026435486703e+00
7.8400000000e+00 1.8199140861721368e+00 2.0717835997599088e+00
7.9400000000e+00 1.8054243241555084e+00 2.0775219237242273e+00
8.0400000000e+00 1.7912493464106620e+00 2.0731160789802670e+00
8.1600000000e+00 1.7747685239962041e+00 2.0524153481249643e+00
8.2600000000e+00 1.7614758661869754e+00 2.0223334797809440e+00
8.3800000000e+00 1.7459647845102120e+00 1.9730658903307219e+00
8.4800000000e+00 1.7333260886488888e+00 1.9242316279665135e+00
8.6000000000e+00 1.7184800631337782e+00 1.8615922519367412e+00
8.7200000000e+00 1.7040969399795349e+00 1.8008288415623508e+00
8.8400000000e+00 1.6904019969591451e+00 1.7481207202774980e+00
8.9600000000e+00 1.6775918986143332e+00 1.7082274501274839e+00
9.0800000000e+00 1.6656723411416878e+00 1.6838001316710587e+00
9.2000000000e+00 1.6543735544132039e+00 1.6750789365006413e+00
9.3200000000e+00 1.6431999196642373e+00 1.6800222433872523e+00
9.4600000000e+00 1.6295906663994537e+00 1.6979276265817664e+00
9.5800000000e+00 1.6170045516130187e+00 1.7182041901194243e+00
9.7000000000e+00 1.6035174324602308e+00 1.7379876257945053e+00
9.8400000000e+00 1.5870265726389732e+00 1.7552440651297387e+00
9.9800000000e+00 1.5703857093643783e+00 1.7624605618546465e+00
1.0100000000e+01 1.5564319776864250e+00 1.7594499667315699e+00
1.0240000000e+01 1.5406830195612173e+00 1.7455717041942023e+00
1.0380000000e+01 1.5253785461389207e+00 1.7220914887752505e+00
1.0520000000e+01 1.5103217661672959e+00 1.6911681332815369e+00
1.0660000000e+01 1.4954944035244724e+00 1.6550716103184717e+00
1.0800000000e+01 1.4810904217213221e+00 1.6160828630165598e+00
1.0960000000e+01 1.4654154871838814e+00 1.5710449214980435e+00
1.1100000000e+01 1.4523758832449178e+00 1.5340790041114369e+00
1.1260000000e+01 1.4378992455438184e+00 1.4980611214562904e+00
1.1400000000e+01 1.4253233755742922e+00 1.4744560451051094e+00
1.1560000000e+01 1.4111160703301087e+00 1.4582452101288961e+00
1.1720000000e+01 1.3975804054440202e+00 1.4532653859038331e+00
1.1880000000e+01 1.3852063683614073e+00 1.4566172644875586e+00
1.2040000000e+01 1.3739841996191786e+00 1.4629817788714843e+00
1.2200000000e+01 1.3633760639396229e+00 1.4659602123391462e+00
1.2360000000e+01 1.3526873314091581e+00 1.4602499484158775e+00
1.2520000000e+01 1.3414612071272574e+00 1.4438650021153234e+00
1.2700000000e+01 1.3280909653290480e+00 1.4159984319746144e+00
1.2880000000e+01 1.3141642596242491e+00 1.3873171511332947e+00
1.3040000000e+01 1.3016028452637702e+00 1.3702376419308331e+00
1.3220000000e+01 1.2876586620167896e+00 1.3672325667384879e+00
1.3400000000e+01 1.2743674766652933e+00 1.3804450951103726e+00
1.3580000000e+01 1.2619906462702437e+00 1.3995301912236011e+00
1.3760000000e+01 1.2503561139671056e+00 1.4081385683825882e+00
1.3960000000e+01 1.2377537880801326e+00 1.3873507899017508e+00
1.4140000000e+01 1.2263370603742507e+00 1.3355920149925196e+00
1.4340000000e+01 1.2135276985324899e+00 1.2528842430736060e+00
1.4520000000e+01 1.2020163366345016e+00 1.1788784751904688e+00
1.4720000000e+01 1.1892177161695392e+00 1.1272676322320638e+00
1.4920000000e+01 1.1760221900677599e+00 1.1276319982798046e+00
1.5120000000e+01 1.1619945556536948e+00 1.1765403897163609e+00
1.5320000000e+01 1.1471762585186345e+00 1.2465166182272727e+00
1.5540000000e+01 1.1305336237007502e+00 1.3022251288868820e+00
1.5740000000e+01 1.1155577425353083e+00 1.3022912905044408e+00
1.5960000000e+01 1.0995829845018383e+00 1.2425784402062177e+00
1.6180000000e+01 1.0848307927804091e+00 1.1514281214459552e+00
1.6400000000e+01 1.0725076748848537e+00 1.0780101025017186e+00
1.6620000000e+01 1.0630838846412465e+00 1.0584192845419804e+00
1.6840000000e+01 1.0551328348001321e+00 1.0931804643290024e+00
1.7060000000e+01 1.0464165887901238e+00 1.1477744622371253e+00
1.7300000000e+01 1.0351921900765066e+00 1.1758838220599066e+00
1.7540000000e+01 1.0234499449596623e+00 1.1387581592099985e+00
1.7760000000e+01 1.0132907256089925e+00 1.0596109176935227e+00
1.8000000000e+01 1.0031687336469335e+00 9.7092836828004381e-01
1.8260000000e+01 9.9352703637560458e-01 9.2821747546494349e-01
1.8500000000e+01 9.8547044155920771e-01 9.5515821574685678e-01
1.8740000000e+01 9.7664982643519915e-01 1.0197110243402401e+00
1.9000000000e+01 9.6439665952570985e-01 1.0800356639515187e+00
1.9260000000e+01 9.4956581036446497e-01 1.0913812725879943e+00
1.9520000000e+01 9.3480482816639765e-01 1.0527888993574219e+00
1.9780000000e+01 9.2259343592352472e-01 9.9214523824789413e-01
2.0060000000e+01 9.1252047833823391e-01 9.3529576550713056e-01
2.0320000000e+01 9.0489355073618505e-01 9.0374074152825135e-01
2.0600000000e+01 8.9749819104797490e-01 8.9145641001306464e-01
2.0880000000e+01 8.9006409201081849e-01 8.9590487626195725e-01
2.1160000000e+01 8.8201870003294292e-01 9.0927344136609767e-01
2.1440000000e+01 8.7343202231139916e-01 9.1831509933006161e-01
2.1740000000e+01 8.6400983778421070e-01 9.0853036562848566e-01
2.2020000000e+01 8.5484017585525240e-01 8.8413212826611298e-01
2.2320000000e+01 8.4437431739089375e-01 8.6765425907733484e-01
2.2620000000e+01 8.3474239838862774e-01 8.8479217028919299e-01
2.2940000000e+01 8.2696610464290432e-01 9.2214367517596796e-01
2.3240000000e+01 8.2044329925905801e-01 9.2031789975718192e-01
2.3560000000e+01 8.1197604749074415e-01 8.4476715318157003e-01
2.3880000000e+01 8.0159969009258047e-01 7.4172641592495570e-01
2.4200000000e+01 7.9154285418683601e-01 7.0632868121146053e-01
2.4520000000e+01 7.8418247394238949e-01 7.7333356044864110e-01
2.4860000000e+01 7.7738316941667873e-01 8.7401374075688842e-01
2.5200000000e+01 7.6838811942877938e-01 8.8755267201342947e-01
2.5540000000e+01 7.5787268976593936e-01 8.0530899689146818e-01
2.5880000000e+01 7.4871984031491090e-01 7.3084882206392587e-01
2.6240000000e+01 7.4286836844610971e-01 7.4305641677968781e-01
2.6580000000e+01 7.3822067217321929e-01 7.9464093203597541e-01
2.6940000000e+01 7.3051508443891733e-01 7.9247053107688625e-01
2.7320000000e+01 7.2081484075775681e-01 7.1871374207078631e-01
2.7680000000e+01 7.1314191923537118e-01 6.6887311346244593e-01
2.8060000000e+01 7.0691049213495671e-01 6.9156687910594916e-01
2.8440000000e+01 6.9960186448491901e-01 7.4272238213021990e-01
2.8820000000e+01 6.9086122936933891e-01 7.5711684792207912e-01
2.9220000000e+01 6.8247328762072923e-01 7.3326608651440539e-01
2.9600000000e+01 6.7525558275200981e-01 7.0765524929491086e-01
3.0000000000e+01 6.6776649344656958e-01 6.8680462748532078e-01
3.0420000000e+01 6.6090333998795803e-01 6.6183986189615118e-01
3.0820000000e+01 6.5466656336409623e-01 6.4136126601671417e-01
3.1240000000e+01 6.4810603934031996e-01 6.3929885991409496e-01
3.1660000000e+01 6.4124859727346506e-01 6.5652436226953226e-01
3.2100000000e+01 6.3234692126193415e-01 6.7464519838242432e-01
3.2520000000e+01 6.2409600845383961e-01 6.7649472188652926e-01
3.2960000000e+01 6.1790862516988920e-01 6.6088422457000773e-01
3.3420000000e+01 6.1199124218552070e-01 6.2797693447205072e-01
3.3860000000e+01 6.0608160246439780e-01 5.9065322780394525e-01
3.4320000000e+01 6.0006834669194298e-01 5.7269040013798844e-01
3.4780000000e+01 5.9413974470295905e-01 5.9101594316635875e-01
3.5260000000e+01 5.8783630235789763e-01 6.2500674605723883e-01
3.5740000000e+01 5.8082471542894032e-01 6.3713288975613891e-01
3.6220000000e+01 5.7415648368464878e-01 6.1234702309059819e-01
3.6700000000e+01 5.6646884519821594e-01 5.6892489984668393e-01
3.7200000000e+01 5.5843921038990507e-01 5.4724958592910344e-01
3.7700000000e+01 5.5335959959303904e-01 5.4752401945792462e-01
3.8220000000e+01 5.4722689071810759e-01 5.3361388757424733e-01
3.8740000000e+01 5.3910468501378828e-01 5.6283689457000496e-01
3.9260000000e+01 5.3166867719201316e-01 6.2962184409733779e-01
3.9800000000e+01 5.2445012248396550e-01 5.6025406543984446e-01
4.0320000000e+01 5.1630644909935020e-01 4.4065673592049354e-01
4.0880000000e+01 5.1250709886180967e-01 4.9752558095586596e-01
4.1420000000e+01 5.0781943868025481e-01 5.6267010774199466e-01
4.1980000000e+01 4.9862803189666455e-01 5.1158726794766618e-01
4.2560000000e+01 4.9341593385675864e-01 5.2523218299627417e-01
4.3140000000e+01 4.8971264622200816e-01 5.1687021188042737e-01
4.3720000000e+01 4.8245087280694304e-01 4.4904374113167239e-01
4.4300000000e+01 4.7867780075053951e-01 4.7535587004458424e-01
4.4900000000e+01 4.7363238277341096e-01 5.0107381044896859e-01
4.5520000000e+01 4.6762431720545233e-01 4.8388596516162052e-01
4.6120000000e+01 4.6241851877550594e-01 4.7177804985687177e-01
4.6760000000e+01 4.5483950364045073e-01 4.7651095205159988e-01
4.7380000000e+01 4.5058040514079722e-01 4.5887356911641236e-01
4.8020000000e+01 4.4305221358976743e-01 4.0883279169390591e-01
4.8680000000e+01 4.3914260560897916e-01 4.7503980881313979e-01
4.9340000000e+01 4.3242214278044822e-01 4.6175302322558709e-01
5.0000000000e+01 4.2604464279268645e-01 4.2543323558742352e-01
5.0680000000e+01 4.2391392668267702e-01 4.3819694333921905e-01
5.1360000000e+01 4.1670063208578406e-01 3.8341547400410947e-01
5.2060000000e+01 4.1359355226948746e-01 4.4706387791383700e-01
5.2760000000e+01 4.0768214361652716e-01 4.3210179042437463e-01
5.3480000000e+01 4.0282352853129749e-01 3.9701586681607987e-01
5.4200000000e+01 3.9880252200094968e-01 4.0776920557170204e-01
5.4940000000e+01 3.9397067849735357e-01 3.8543508460907705e-01
5.5680000000e+01 3.8735822533626629e-01 3.9424395771764353e-01
5.6440000000e+01 3.8086709587205686e-01 4.2275752381427073e-01
5.7200000000e+01 3.7540617012784872e-01 3.6299943669679974e-01
5.7980000000e+01 3.6982732003774538e-01 3.6937123161242275e-01
5.8760000000e+01 3.6279556146810849e-01 3.7123452455364514e-01
5.9560000000e+01 3.5932214640278531e-01 3.8007960248293815e-01
6.0360000000e+01 3.5511185754855201e-01 3.6183491653335559e-01
6.1180000000e+01 3.5095222578628149e-01 3.4627184368046166e-01
6.2000000000e+01 3.4750647723290218e-01 3.4770136857935569e-01
6.2840000000e+01 3.4339334492605994e-01 3.5144660225260982e-01
6.3700000000e+01 3.3838121708020441e-01 3.6447524187788843e-01
6.4560000000e+01 3.3316614224227514e-01 3.1874576593891979e-01
6.5420000000e+01 3.3045303023282968e-01 3.2318764288840596e-01
6.6320000000e+01 3.2585124745713367e-01 3.5429612612550881e-01
6.7200000000e+01 3.2343910957408140e-01 3.3698001328737059e-01
6.8120000000e+01 3.1794788498268095e-01 2.8672472287994594e-01
6.9040000000e+01 3.1493094512485681e-01 3.4121484481866354e-01
6.9980000000e+01 3.0970111535060280e-01 3.2317450375875822e-01
7.0920000000e+01 3.0646033730141375e-01 3.0053609008976678e-01
7.1880000000e+01 3.0236029348463744e-01 2.9121134861144105e-01
7.2860000000e+01 3.0024508122449012e-01 3.3500580955582737e-01
7.3840000000e+01 2.9489109612874170e-01 2.7860550486765800e-01
7.4840000000e+01 2.9358923477061866e-01 2.9443474156567490e-01
7.5860000000e+01 2.8965291060376253e-01 3.0738291488297903e-01
7.6880000000e+01 2.8530417620177340e-01 2.7760042488390940e-01
7.7920000000e+01 2.8318809872433137e-01 2.9271428577218633e-01
7.8980000000e+01 2.7926915488217885e-01 2.7713140225837740e-01
8.0040000000e+01 2.7588176917572954e-01 2.8432850907216012e-01
8.1120000000e+01 2.7240113343717381e-01 2.7507322259681616e-01
8.2220000000e+01 2.6905249581533142e-01 2.6395554212775735e-01
8.3340000000e+01 2.6600210599995905e-01 2.8397578853905725e-01
8.4460000000e+01 2.6241210827801820e-01 2.5558065463077728e-01
8.5600000000e+01 2.5990709217631397e-01 2.5918515162239431e-01
8.6760000000e+01 2.5652333202760103e-01 2.6978991943987279e-01
8.7940000000e+01 2.5375100730161110e-01 2.4915775649019778e-01
8.9120000000e+01 2.5065857705939598e-01 2.5426298369396999e-01
9.0340000000e+01 2.4649126237169294e-01 2.6170222013915978e-01
9.1560000000e+01 2.4283314415864296e-01 2.1153822663394642e-01
9.2800000000e+01 2.4117930563440793e-01 2.7570034784407016e-01
9.4040000000e+01 2.3721733070996875e-01 2.3935946182009701e-01
9.5320000000e+01 2.3314893496122807e-01 2.2316151838031748e-01
9.6620000000e+01 2.3004127387721263e-01 2.4200823836222610e-01
9.7920000000e+01 2.2714113339893088e-01 2.1695163912439358e-01
9.9240000000e+01 2.2394788706077162e-01 2.2787490162909241e-01
1.0058000000e+02 2.2160623952739958e-01 2.1823460634845046e-01
1.0194000000e+02 2.1932217509658303e-01 2.3873630731759943e-01
1.0332000000e+02 2.1617184983397589e-01 2.3205854686667743e-01
1.0472000000e+02 2.1267792674538860e-01 1.8908867884370612e-01
1.0614000000e+02 2.1033588893298327e-01 2.2325531452435682e-01
1.0758000000e+02 2.0773871019842943e-01 2.0786467772152548e-01
1.0904000000e+02 2.0453057727477175e-01 2.0549960275789525e-01
1.1052000000e+02 2.0227771773821024e-01 1.9877556093331725e-01
1.1200000000e+02 1.9967562937216968e-01 1.9887239160228173e-01
1.1352000000e+02 1.9703111629094106e-01 2.0845170874267480e-01
1.1506000000e+02 1.9470319390575111e-01 1.8689875674153783e-01
1.1662000000e+02 1.9267080346116944e-01 2.1402844937001814e-01
1.1820000000e+02 1.9016925766387077e-01 1.8787259128573117e-01
1.1980000000e+02 1.8763408384445140e-01 2.1464321531125996e-01
1.2142000000e+02 1.8405057264378025e-01 1.7156048426645182e-01
1.2306000000e+02 1.8130197571898124e-01 1.8423218074439551e-01
1.2472000000e+02 1.7889676777690505e-01 1.7036476152342561e-01
1.2642000000e+02 1.7613460422599292e-01 1.7249154193777566e-01
1.2812000000e+02 1.7387110696377922e-01 1.6041602806513464e-01
1.2986000000e+02 1.7138547599535825e-01 1.7692666869307078e-01
1.3162000000e+02 1.6938985601633147e-01 1.6396650657143000e-01
1.3340000000e+02 1.6712130014379159e-01 1.8714982840008124e-01
1.3520000000e+02 1.6484865676158750e-01 1.6323830548997537e-01
1.3702000000e+02 1.6299570221693194e-01 1.8253194166187311e-01
1.3888000000e+02 1.6058134319439479e-01 1.6465883611514079e-01
1.4076000000e+02 1.5797725568177806e-01 1.6069016192332411e-01
1.4266000000e+02 1.5560275030072737e-01 1.5538967335197273e-01
1.4460000000e+02 1.5319638762750235e-01 1.4416511789461756e-01
1.4656000000e+02 1.5066386562664635e-01 1.5256297231915789e-01
1.4854000000e+02 1.4858715477620610e-01 1.4565849921048793e-01
1.5054000000e+02 1.4630619263080866e-01 1.3945005158907176e-01
1.5258000000e+02 1.4397694985737347e-01 1.3542937625399495e-01
1.5466000000e+02 1.4260965894276462e-01 1.4064608661379513e-01
1.5674000000e+02 1.4108336798845778e-01 1.4403757818143351e-01
1.5886000000e+02 1.3966964311078525e-01 1.4832741118759030e-01
1.6102000000e+02 1.3711086063173403e-01 1.4819984029790392e-01
1.6320000000e+02 1.3463994366127258e-01 1.3627208919060199e-01
1.6540000000e+02 1.3256517313976537e-01 1.1944950801118497e-01
1.6764000000e+02 1.3123625390191598e-01 1.3230708369416108e-01
1.6990000000e+02 1.2990639667700998e-01 1.4364596752165393e-01
1.7220000000e+02 1.2774573670096959e-01 1.2109505951068655e-01
1.7454000000e+02 1.2643955850567934e-01 1.1540994998567947e-01
1.7690000000e+02 1.2532778199725206e-01 1.3670553523753548e-01
1.7930000000e+02 1.2387425117651990e-01 1.2880285535746397e-01
1.8172000000e+02 1.2151988947984527e-01 1.0609090889659409e-01
1.8418000000e+02 1.2053226043533923e-01 1.2003092293946295e-01
1.8668000000e+02 1.1957108911576264e-01 1.3255256635480739e-01
1.8920000000e+02 1.1704489208934157e-01 1.0793970424675343e-01
1.9176000000e+02 1.1612067559427525e-01 1.1355857535146141e-01
1.9436000000e+02 1.1429635116590907e-01 1.1334660574412321e-01
1.9698000000e+02 1.1345810032860407e-01 1.2623881262218190e-01
1.9966000000e+02 1.1202523076615116e-01 1.1789688233201111e-01
2.0236000000e+02 1.1026914963007071e-01 1.0676380747325311e-01
2.0510000000e+02 1.0860126774554019e-01 1.0214081890076028e-01
2.0786000000e+02 1.0772065879228086e-01 1.1760156795552421e-01
2.1068000000e+02 1.0608926295570156e-01 1.1347476480993655e-01
2.1354000000e+02 1.0454457709762031e-01 1.1196145756772843e-01
2.1642000000e+02 1.0301989539102077e-01 9.9033169818564915e-02
2.1934000000e+02 1.0197841712415648e-01 1.0436036077105483e-01
2.2232000000e+02 1.0070953440226720e-01 1.0145638676321830e-01
2.2532000000e+02 9.9486531002405509e-02 1.0431251497908356e-01
2.2838000000e+02 9.8510459704385475e-02 1.1050611527893303e-01
2.3146000000e+02 9.6993118918985988e-02 1.0438926495303019e-01
2.3460000000e+02 9.5876063646055207e-02 1.0254765261751056e-01
2.3778000000e+02 9.4922057594944362e-02 1.0437862257468347e-01
2.4100000000e+02 9.3466475200076421e-02 9.9292192280360916e-02
2.4426000000e+02 9.1918086459698761e-02 9.2034372974817827e-02
2.4756000000e+02 9.0778866709114947e-02 9.3894493359431425e-02
2.5090000000e+02 8.9510434170430642e-02 9.5520883128608347e-02
2.5430000000e+02 8.8014286389196950e-02 9.0270962553620729e-02
2.5774000000e+02 8.6867257276661544e-02 9.0005845181064068e-02
2.6124000000e+02 8.5575285467899082e-02 8.9137305540433462e-02
2.6478000000e+02 8.4282688403951173e-02 8.4682929562944959e-02
2.6836000000e+02 8.3140321686294996e-02 8.0987939432572167e-02
2.7198000000e+02 8.1989484868580792e-02 7.5687321180795603e-02
2.7566000000e+02 8.0718737633450457e-02 7.2677141829812844e-02
2.7940000000e+02 7.9704726945123108e-02 7.1028833513661779e-02
2.8318000000e+02 7.9165410989173235e-02 7.7789473486670438e-02
2.8700000000e+02 7.7921054673438461e-02 7.8416053079545800e-02
2.9090000000e+02 7.7369598464892206e-02 9.0926428497481573e-02
2.9484000000e+02 7.6082580391553203e-02 8.5969901494215975e-02
2.9882000000e+02 7.4912530801286223e-02 7.6854044608969788e-02
3.0286000000e+02 7.3461307314676677e-02 7.0638116353938393e-02
3.0696000000e+02 7.2589257722885450e-02 6.8326100794990699e-02
3.1112000000e+02 7.1551442623791026e-02 7.8740595157424098e-02
3.1532000000e+02 7.0253825127801275e-02 6.7542932772150510e-02
3.1960000000e+02 6.9339012302450945e-02 6.8431173686194377e-02
3.2392000000e+02 6.8490142176806906e-02 7.6314546561922089e-02
3.2830000000e+02 6.7410279750305405e-02 6.5683594597958264e-02
3.3274000000e+02 6.6539028464702332e-02 6.4625554656809414e-02
3.3726000000e+02 6.5808938080969798e-02 6.8197096213273370e-02
3.4182000000e+02 6.4972068991895171e-02 6.7865046335827295e-02
3.4644000000e+02 6.4002222185864516e-02 6.0519740038000980e-02
3.5112000000e+02 6.3240478430697147e-02 6.9420299776106711e-02
3.5588000000e+02 6.2114928666388854e-02 5.5484645240319153e-02
3.6070000000e+02 6.1509044373741766e-02 6.2140915095124601e-02
3.6558000000e+02 6.0823636466815656e-02 6.2683254440193237e-02
3.7052000000e+02 5.9899305315039980e-02 5.4387507345787775e-02
3.7554000000e+02 5.9515476296515143e-02 6.8283692221486586e-02
3.8062000000e+02 5.8521390557850994e-02 5.6687817155412309e-02
3.8578000000e+02 5.7886190646868910e-02 6.2032505116307701e-02
3.9100000000e+02 5.6758874707808396e-02 5.1640858030145759e-02
3.9628000000e+02 5.6234655537225911e-02 5.3538259110073871e-02
4.0164000000e+02 5.5423590008015070e-02 4.9472146379731317e-02
4.0708000000e+02 5.4925973547775953e-02 5.5519386800919758e-02
4.1260000000e+02 5.4207253840622090e-02 5.6770101502850605e-02
4.1818000000e+02 5.3228183029184764e-02 5.1314103138028519e-02
4.2384000000e+02 5.2670075106976209e-02 5.0882886566706739e-02
4.2958000000e+02 5.1934813549919613e-02 4.7429062241460318e-02
4.3538000000e+02 5.1483159218786954e-02 5.3215044156555896e-02
4.4128000000e+02 5.0782831372741345e-02 5.2110236131880802e-02
4.4726000000e+02 4.9764851222769683e-02 4.3148635912769337e-02
4.5330000000e+02 4.9126389289168862e-02 4.6887993391468902e-02
4.5944000000e+02 4.8751970937030646e-02 5.3229832311374459e-02
4.6566000000e+02 4.8244689344912224e-02 5.3676427547790652e-02
4.7196000000e+02 4.7392847917307419e-02 4.8503684328763126e-02
4.7834000000e+02 4.6743329517861643e-02 4.3803324069135931e-02
4.8482000000e+02 4.6057619732639402e-02 4.1764283007105343e-02
4.9138000000e+02 4.5796133687656379e-02 4.6107771153696520e-02
4.9804000000e+02 4.5110818955197543e-02 4.5212546524100741e-02
5.0478000000e+02 4.4295257291839113e-02 4.2260602641277734e-02
5.1160000000e+02 4.3721262342490221e-02 4.1407179904316395e-02
5.1852000000e+02 4.3442058038073494e-02 4.6771972256406086e-02
5.2554000000e+02 4.2582601268610909e-02 4.2491067683684207e-02
5.3266000000e+02 4.2189327259100039e-02 4.7127097822722237e-02
5.3986000000e+02 4.1401131479866550e-02 4.1252419997338370e-02
5.4718000000e+02 4.1010994086219180e-02 4.1472739094902844e-02
5.5458000000e+02 4.0428592685865850e-02 3.9172267282941785e-02
5.6208000000e+02 3.9944551242782650e-02 3.9699542864767720e-02
5.6968000000e+02 3.9552498613432178e-02 4.2890862394057538e-02
5.7740000000e+02 3.9047809147615076e-02 4.1806171124099019e-02
5.8522000000e+02 3.8349472989047249e-02 3.4508690070072741e-02
5.9314000000e+02 3.7848217714474969e-02 3.9780226699578675e-02
6.0116000000e+02 3.7409283848050291e-02 3.8791282274357797e-02
6.0930000000e+02 3.6872834363545812e-02 3.7265482619661776e-02
6.1754000000e+02 3.6561802817531061e-02 3.9674949036140307e-02
6.2590000000e+02 3.5865603167520070e-02 3.2065973021279198e-02
6.3436000000e+02 3.5464833820801699e-02 3.6446871048258209e-02
6.4296000000e+02 3.5127375986598576e-02 3.6913013868176157e-02
6.5166000000e+02 3.4539525476569896e-02 3.2977589290823749e-02
6.6048000000e+02 3.4266375657942917e-02 3.7127298395112848e-02
6.6942000000e+02 3.3615404589612638e-02 3.1938758251771018e-02
6.7848000000e+02 3.3340649402020195e-02 3.3815391827160104e-02
6.8766000000e+02 3.2806962805582179e-02 3.5628594014826383e-02
6.9696000000e+02 3.2199431788867555e-02 3.0674867878846629e-02
7.0640000000e+02 3.1672985290453530e-02 2.6696291733369765e-02
7.1596000000e+02 3.1432123474448993e-02 3.1279536561422780e-02
7.2564000000e+02 3.1141239956227019e-02 3.3571443094436583e-02
7.3546000000e+02 3.0654764619650044e-02 3.0449068008578502e-02
7.4542000000e+02 3.0259042789957252e-02 2.9455897463864081e-02
7.5550000000e+02 2.9980265538164776e-02 3.0557027585352583e-02
7.6574000000e+02 2.9381540497865701e-02 2.7240121170326519e-02
7.7610000000e+02 2.9048505506431909e-02 2.8837442674092446e-02
7.8660000000e+02 2.8662956430041395e-02 2.8288243572169591e-02
7.9724000000e+02 2.8266198359520787e-02 2.6216423802772944e-02
8.0804000000e+02 2.8009067452362955e-02 3.0808157158573889e-02
8.1896000000e+02 2.7488435506118770e-02 2.7043694957246830e-02
8.3006000000e+02 2.7110516218825553e-02 2.6505654769612107e-02
8.4128000000e+02 2.6779629898321961e-02 2.7483898669841796e-02
8.5266000000e+02 2.6446009603477514e-02 2.8001701831291213e-02
8.6420000000e+02 2.6050546392373176e-02 2.3929053383939941e-02
8.7590000000e+02 2.5769017227513989e-02 2.7857590262776323e-02
8.8776000000e+02 2.5362637159413868e-02 2.4697854714780525e-02
8.9978000000e+02 2.5038741680463727e-02 2.5070123127009465e-02
9.1196000000e+02 2.4739407017291156e-02 2.4569351809416440e-02
9.2430000000e+02 2.4486495355967402e-02 2.4087286017023934e-02
9.3680000000e+02 2.4180533809128379e-02 2.5128818647715857e-02
9.4948000000e+02 2.3859453474672304e-02 2.5693330514149487e-02
9.6232000000e+02 2.3610732541882826e-02 2.5567018695999238e-02
9.7536000000e+02 2.3192527565276663e-02 2.2157632467596038e-02
9.8856000000e+02 2.2885407625511018e-02 2.2297392627875622e-02
1.0019400000e+03 2.2525029487572946e-02 1.9259153439510478e-02
1.0155000000e+03 2.2269426571744615e-02 2.0323485201464434e-02
1.0292400000e+03 2.2024294610927891e-02 2.1658909726092062e-02
1.0431600000e+03 2.1706008394249330e-02 2.1535725614616842e-02
1.0572800000e+03 2.1422200995563280e-02 2.1624474844035169e-02
1.0716000000e+03 2.1180555596464552e-02 2.0505719051559630e-02
1.0861000000e+03 2.0888551557277899e-02 1.8401063142271405e-02
1.1008000000e+03 2.0670183612624425e-02 2.1881019035333155e-02
1.1156800000e+03 2.0425241512813903e-02 2.0554307253581088e-02
1.1307800000e+03 2.0075894339461314e-02 1.9445431629855448e-02
1.1461000000e+03 1.9968862073085517e-02 2.0371111606225005e-02
1.1616000000e+03 1.9672120202624439e-02 2.1446847697262548e-02
1.1773200000e+03 1.9346887103490622e-02 1.8442332055999568e-02
1.1932600000e+03 1.9116100888540388e-02 1.8787237202671975e-02
1.2094000000e+03 1.8803726026430660e-02 1.8395351453341029e-02
1.2257800000e+03 1.8601448916990844e-02 1.7963737724164711e-02
1.2423600000e+03 1.8384541998870668e-02 1.8688465745847496e-02
1.2591800000e+03 1.8102595139109993e-02 1.8514250992367799e-02
1.2762200000e+03 1.8006915134875515e-02 1.9785010888345844e-02
1.2935000000e+03 1.7719866410780577e-02 1.8161625836718560e-02
1.3110000000e+03 1.7503839895919405e-02 1.8248959610487208e-02
1.3287400000e+03 1.7167344369835937e-02 1.6769373678359904e-02
1.3467200000e+03 1.7015012465924666e-02 1.7928057789146867e-02
1.3649400000e+03 1.6733965984106092e-02 1.5555742032030665e-02
1.3834200000e+03 1.6556996037994470e-02 1.5834037761618791e-02
1.4021400000e+03 1.6333398126916636e-02 1.6153371633414359e-02
1.4211200000e+03 1.6161955285698852e-02 1.6899563452195669e-02
1.4403600000e+03 1.5895118752055508e-02 1.6435914013435183e-02
1.4598400000e+03 1.5735746285252174e-02 1.5877375568520213e-02
1.4796000000e+03 1.5464293373223107e-02 1.5060961735593573e-02
1.4996200000e+03 1.5271198280045091e-02 1.4122463315679151e-02
1.5199200000e+03 1.5056309793141974e-02 1.4609608296254415e-02
1.5405000000e+03 1.4873332062687046e-02 1.4575789922276971e-02
1.5613400000e+03 1.4698882675819348e-02 1.4995584838148463e-02
1.5824800000e+03 1.4457948187585478e-02 1.4279611066996484e-02
1.6038800000e+03 1.4260520444005212e-02 1.3345164566032368e-02
1.6256000000e+03 1.4030967183948627e-02 1.3025040777147088e-02
1.6476000000e+03 1.3930769459560136e-02 1.4254364157436947e-02
1.6699000000e+03 1.3690364926974060e-02 1.2845280406225203e-02
1.6925000000e+03 1.3522536070244657e-02 1.4297222535783692e-02
1.7154000000e+03 1.3333314932708125e-02 1.3630217630594826e-02
1.7386200000e+03 1.3243023619198968e-02 1.4751353395946964e-02
1.7621400000e+03 1.2962811678067105e-02 1.2676592248223182e-02
1.7859800000e+03 1.2749419406352599e-02 1.2245447483996853e-02
1.8101600000e+03 1.2615591087724023e-02 1.2494929625862312e-02
1.8346600000e+03 1.2533039243761248e-02 1.2501507208082775e-02
1.8594800000e+03 1.2278162115997441e-02 1.1474067421100203e-02
1.8846600000e+03 1.2179250271269575e-02 1.2338866788062041e-02
1.9101600000e+03 1.1973828190771581e-02 1.1705433681006832e-02
1.9360200000e+03 1.1803688850510148e-02 1.0728894514582293e-02
1.9622200000e+03 1.1642287739657673e-02 1.1379021340231650e-02
1.9887600000e+03 1.1548088460216753e-02 1.1750912657006934e-02
2.0156800000e+03 1.1369568653961703e-02 1.1463792664385589e-02
2.0429600000e+03 1.1211972405742373e-02 1.1553451449582112e-02
2.0706200000e+03 1.1051021387772102e-02 1.0637546625976312e-02
2.0986400000e+03 1.0918268348459341e-02 1.1378280795662752e-02
2.1270400000e+03 1.0709344251056680e-02 1.0027455896380429e-02
2.1558200000e+03 1.0606073954660501e-02 1.0922775975513371e-02
2.1850000000e+03 1.0492318959850293e-02 1.0644859224719104e-02
2.2145800000e+03 1.0337603379000117e-02 9.8139679454062184e-03
2.2445400000e+03 1.0182235954664363e-02 1.0068786293952504e-02
2.2749200000e+03 1.0085091176346093e-02 1.0568744574693806e-02
2.3057000000e+03 9.9319372923153560e-03 9.6507067734848354e-03
2.3369200000e+03 9.7528506954402249e-03 9.0247362842177034e-03
2.3685400000e+03 9.6386648972489591e-03 9.0940896963094871e-03
2.4006000000e+03 9.4737463827944436e-03 8.9851953328767345e-03
2.4330800000e+03 9.4133044995126942e-03 9.4448863093605107e-03
2.4660200000e+03 9.3174075378691934e-03 9.7067766282894971e-03
2.4993800000e+03 9.2037770364994612e-03 9.9766860659947238e-03
2.5332200000e+03 9.0357014301048755e-03 9.0607684176603007e-03
2.5675000000e+03 8.8656116144089150e-03 7.3928089623403583e-03
2.6022400000e+03 8.7979705696281940e-03 8.8000151622449410e-03
2.6374600000e+03 8.6726505725870356e-03 8.4483254254053373e-03
2.6731600000e+03 8.5829974595629435e-03 8.9606301348694878e-03
2.7093400000e+03 8.4520089235186700e-03 8.3916437611389460e-03
2.7460000000e+03 8.3270900672734304e-03 7.8013102045755602e-03
2.7831600000e+03 8.2560219499720200e-03 8.8730604746107711e-03
2.8208200000e+03 8.0997231936908477e-03 7.5983226120753776e-03
2.8590000000e+03 8.0202193651290454e-03 7.9668867035031423e-03
2.8977000000e+03 7.8842449683120298e-03 7.4473531295258660e-03
2.9369200000e+03 7.7831754972278160e-03 7.4865325929010344e-03
2.9766600000e+03 7.7125137880636966e-03 7.7735390631184700e-03
3.0169400000e+03 7.6202033487064056e-03 8.0673869906524639e-03
3.0577800000e+03 7.4893775855967943e-03 7.2023806121045194e-03
3.0991600000e+03 7.4083473218469189e-03 7.7401027291597339e-03
3.1411000000e+03 7.3256997812436130e-03 7.6193997503840550e-03
3.1836200000e+03 7.2066090548496015e-03 6.9956636055043299e-03
3.2267000000e+03 7.1126123423411649e-03 6.5719465102937408e-03
3.2703600000e+03 7.0056509584318829e-03 6.7402169551724908e-03
3.3146200000e+03 6.9352398573021296e-03 6.8652949257931323e-03
3.3594800000e+03 6.8647776793783043e-03 7.1182682151041581e-03
3.4049600000e+03 6.7230841742000657e-03 5.6652536268985716e-03
3.4510400000e+03 6.6618216070251056e-03 6.3984670825622458e-03
3.4977400000e+03 6.5535163286378831e-03 6.0554237440970746e-03
3.5450800000e+03 6.5032733484297819e-03 6.7644021416190941e-03
3.5930600000e+03 6.4156824078660619e-03 6.5600394497694232e-03
3.6416800000e+03 6.2936131892504018e-03 6.1106696368534164e-03
3.6909600000e+03 6.2304833983662334e-03 6.3425323514728627e-03
3.7409200000e+03 6.1466140902408815e-03 5.9815948483672773e-03
3.7915600000e+03 6.0740144542509077e-03 5.7857562933344153e-03
3.8428600000e+03 6.0165109952748609e-03 6.6376450494895897e-03
3.8948800000e+03 5.8782843513746465e-03 5.2573460327725490e-03
3.9475800000e+03 5.8132457833875648e-03 5.6094105819083848e-03
4.0010000000e+03 5.7319051074289770e-03 5.7724814673268416e-03
4.0551600000e+03 5.6776109638541836e-03 5.7287502450919627e-03
4.1100400000e+03 5.6217571767157096e-03 5.8026735326834238e-03
4.1656600000e+03 5.5217005628141382e-03 5.5966513832902097e-03
4.2220400000e+03 5.4738612306637242e-03 5.9624600302583949e-03
4.2791800000e+03 5.3771341588569358e-03 5.4792079746713400e-03
4.3371000000e+03 5.2901979075002225e-03 5.1377987373110610e-03
4.3957800000e+03 5.2204917961592859e-03 4.6788809942817436e-03
4.4552800000e+03 5.1614981598991569e-03 5.4825981147483644e-03
4.5155800000e+03 5.1114770012381811e-03 5.4672960869384972e-03
4.5766800000e+03 5.0420129937556492e-03 5.2315832881354319e-03
4.6386200000e+03 4.9704265824832734e-03 5.1799554001456779e-03
4.7014000000e+03 4.9015710128027853e-03 4.9340421923040109e-03
4.7650400000e+03 4.8240261497991439e-03 4.8744173047693884e-03
4.8295200000e+03 4.7531411554690272e-03 4.5192802810453368e-03
4.8948800000e+03 4.7009348188214129e-03 4.9363790141005830e-03
4.9611200000e+03 4.6064317072898459e-03 4.3446365063442554e-03
5.0282800000e+03 4.5852037332653212e-03 4.6963512991227436e-03
5.0963200000e+03 4.5166476015010342e-03 4.8271065429899120e-03
5.1653000000e+03 4.4376108942972836e-03 3.8517580289650641e-03
5.2352000000e+03 4.4119721114736178e-03 4.6927420626616499e-03
5.3060600000e+03 4.3308196259291077e-03 3.9447935203589871e-03
5.3778600000e+03 4.2567938644768382e-03 4.1737663872416682e-03
5.4506400000e+03 4.2293090336972591e-03 4.2032792220407476e-03
5.5244200000e+03 4.1617797489977267e-03 3.9439281732631696e-03
5.5991800000e+03 4.1175910842365607e-03 4.0982555628648245e-03
5.6749600000e+03 4.0552299301662865e-03 4.0532957586313541e-03
5.7517600000e+03 4.0082281750669930e-03 4.0614329503243221e-03
5.8296000000e+03 3.9591872452558550e-03 4.3537895654265288e-03
5.9085000000e+03 3.8998337791654857e-03 3.8368351070261911e-03
5.9884600000e+03 3.8590803131365249e-03 3.8619073699093466e-03
6.0695000000e+03 3.7820448256770884e-03 3.4586213418488047e-03
6.1516400000e+03 3.7634858546833111e-03 4.2193748616018677e-03
6.2349000000e+03 3.7021173631546604e-03 3.9046495668629772e-03
6.3192800000e+03 3.6419206049944680e-03 3.4949147769871253e-03
6.4048000000e+03 3.6022931031479662e-03 3.4664274992995286e-03
6.4914800000e+03 3.5609709518866863e-03 3.7250586249989552e-03
6.5793400001e+03 3.5098880262205709e-03 3.4935594054665321e-03
6.6683800001e+03 3.4462282293676138e-03 3.2139218064253738e-03
6.7586400001e+03 3.4199382836806328e-03 3.3775326518430075e-03
6.8501000001e+03 3.3680416115919255e-03 3.4361551304645391e-03
6.9428000001e+03 3.3275882913347391e-03 3.1990692419955596e-03
7.0367800001e+03 3.2703894081445263e-03 2.8844313299881382e-03
7.1320000001e+03 3.2196908722921932e-03 2.8219341325662170e-03
7.2285200001e+03 3.2052813962793799e-03 3.2110586602413721e-03
7.3263600001e+03 3.1631961670051025e-03 3.1270717605972665e-03
7.4255000001e+03 3.1144850510437059e-03 3.2565444443336052e-03
7.5260000001e+03 3.0795050280329919e-03 3.4521986685071889e-03
7.6278600001e+03 3.0181447809181279e-03 2.8322352107172568e-03
7.7311000001e+03 3.0043384234388314e-03 3.3674167709990448e-03
7.8357200001e+03 2.9462788193978938e-03 2.9664994301206895e-03
7.9417600001e+03 2.8921608557525330e-03 2.6295225330038594e-03
8.0492400001e+03 2.8715649722331148e-03 2.7922692686910265e-03
8.1581800001e+03 2.8341205792721700e-03 2.9320092570257836e-03
8.2686000001e+03 2.7962458691797309e-03 2.9493125090133748e-03
8.3805000001e+03 2.7603638811231879e-03 2.8627536722625616e-03
8.4939200001e+03 2.7160784378220506e-03 2.5665277011503382e-03
8.6088800001e+03 2.7036567650379865e-03 2.9436170474073358e-03
8.7253800001e+03 2.6402760162514780e-03 2.5124721456306308e-03
8.8434600001e+03 2.6119697058462400e-03 2.6428269979025146e-03
8.9631600001e+03 2.5809528236061942e-03 2.4141862160555472e-03
9.0844600001e+03 2.5520511207540470e-03 2.5415827010459467e-03
9.2074000001e+03 2.5186468667235170e-03 2.5296906720731348e-03
9.3320200001e+03 2.4777769358147041e-03 2.4784422781520209e-03
9.4583200001e+03 2.4478592368977576e-03 2.5840419273105999e-03
9.5863200001e+03 2.4164624360766941e-03 2.6245457697073068e-03
9.7160600001e+03 2.3771318619661462e-03 2.3749998856729955e-03
9.8475600001e+03 2.3520504103916227e-03 2.3868885196508421e-03
9.9808200001e+03 2.3098908399265556e-03 2.0388635538170895e-03
1.0115900000e+04 2.2889425591440466e-03 2.2476401084512978e-03
1.0252800000e+04 2.2507494920905712e-03 2.1226129945896358e-03
1.0391560000e+04 2.2217870192482521e-03 2.0000053086011208e-03
1.0532200000e+04 2.2067007362126163e-03 2.3320993938158686e-03
1.0674740000e+04 2.1655245736719800e-03 2.0955322847928640e-03
1.0819220000e+04 2.1329390987983262e-03 2.0594105306368008e-03
1.0965640000e+04 2.1054751093532247e-03 1.9580840652351898e-03
1.1114040000e+04 2.0871273512145785e-03 2.2503029388792960e-03
1.1264460000e+04 2.0507913861717232e-03 1.9684577162592614e-03
1.1416900000e+04 2.0223696119803843e-03 1.9369981455433557e-03
1.1571420000e+04 2.0064698611113310e-03 2.1401695150664612e-03
1.1728020000e+04 1.9695638969112503e-03 1.9393013478661539e-03
1.1886740000e+04 1.9494300680063510e-03 1.9441772465905601e-03
1.2047620000e+04 1.9181742878526134e-03 1.8001365119407876e-03
1.2210660000e+04 1.8971602966170343e-03 1.8896040038720648e-03
1.2375920000e+04 1.8631430091459568e-03 1.8234856604984889e-03
1.2543420000e+04 1.8442428149616826e-03 1.9299423756995089e-03
1.2713180000e+04 1.8268793146625896e-03 1.8203509634804943e-03
1.2885220000e+04 1.7975258464679445e-03 1.7572552031312053e-03
1.3059620000e+04 1.7785126514960146e-03 1.8952359550841276e-03
1.3236360000e+04 1.7454601625633058e-03 1.7134157121844460e-03
1.3415500000e+04 1.7283339186328777e-03 1.7085926583910419e-03
1.3597060000e+04 1.7015645899007962e-03 1.5644087739698994e-03
1.3781080000e+04 1.6866942679253192e-03 1.7689750812162235e-03
1.3967580000e+04 1.6556741284725132e-03 1.7249638380299973e-03
1.4156620000e+04 1.6372206838806474e-03 1.7225075531903367e-03
1.4348200000e+04 1.6212451532887401e-03 1.7295484421661037e-03
1.4542400000e+04 1.5955258155759791e-03 1.7044106798405289e-03
1.4739200000e+04 1.5769013846281274e-03 1.6323659193994752e-03
1.4938680000e+04 1.5467460941511457e-03 1.5846679365219747e-03
1.5140860000e+04 1.5355273680228965e-03 1.7003248175629399e-03
1.5345760000e+04 1.5051575240397610e-03 1.5024425463767074e-03
1.5553460000e+04 1.4874588225886056e-03 1.4947218461771271e-03
1.5763940000e+04 1.4667590697546077e-03 1.4044793239373361e-03
1.5977300000e+04 1.4477974605949634e-03 1.3496164081326515e-03
1.6193520000e+04 1.4316247106333469e-03 1.4602296490317515e-03
1.6412680000e+04 1.4165494598442135e-03 1.4018177476097023e-03
1.6634800000e+04 1.3898858151166530e-03 1.3363715388720059e-03
1.6859940000e+04 1.3688996188350084e-03 1.3059825842562300e-03
1.7088120000e+04 1.3557368431917180e-03 1.3440579280037319e-03
1.7319380000e+04 1.3417409166215737e-03 1.4129021351146605e-03
1.7553780000e+04 1.3234524374904461e-03 1.4265483247272773e-03
1.7791340000e+04 1.3065930769393902e-03 1.3841574352816903e-03
1.8032120000e+04 1.2869948334614210e-03 1.2682508693121104e-03
1.8276160000e+04 1.2667551320000177e-03 1.2887545883559543e-03
1.8523520000e+04 1.2559148207092537e-03 1.2687103373356743e-03
1.8774200000e+04 1.2296903823219797e-03 1.1765842389384567e-03
1.9028280000e+04 1.2163031239545653e-03 1.2585533767370490e-03
1.9285820000e+04 1.2073531599923048e-03 1.2456550119075908e-03
1.9546820000e+04 1.1901694211284392e-03 1.2469639631719118e-03
1.9811360000e+04 1.1680985462284871e-03 1.1464724991964168e-03
2.0079480000e+04 1.1532623637547403e-03 1.1283106201035393e-03
2.0351240000e+04 1.1355929309428477e-03 9.8482426390491640e-04
2.0626660000e+04 1.1239710372139395e-03 1.0968607379161781e-03
2.0905820000e+04 1.1088902005434650e-03 1.0961248225299289e-03
2.1188740000e+04 1.0937409566711923e-03 1.0681066812170731e-03
2.1475520000e+04 1.0790587260712020e-03 1.1571769406863517e-03
2.1766160000e+04 1.0665828474784513e-03 1.0357719340442794e-03
2.2060740000e+04 1.0542896203166578e-03 1.1005303055759560e-03
2.2359300000e+04 1.0380484773360303e-03 1.1222296003251973e-03
2.2661900000e+04 1.0262287096163816e-03 1.0993826932229589e-03
2.2968600000e+04 1.0125076723427251e-03 1.0766484487319576e-03
2.3279440000e+04 1.0006881626307847e-03 1.1020325774947714e-03
2.3594500000e+04 9.8077040911832814e-04 9.2506320595794975e-04
2.3913820000e+04 9.6813279111317803e-04 9.3757587843508569e-04
2.4237460000e+04 9.6194931161999980e-04 1.0517176819122560e-03
2.4565500000e+04 9.4844980605894959e-04 9.6719717807207471e-04
2.4897960000e+04 9.3082207775001919e-04 8.8621936116110194e-04
2.5234920000e+04 9.1767809041297832e-04 8.7222266963016531e-04
2.5576440000e+04 9.0634312294425915e-04 8.9352048532422544e-04
2.5922580000e+04 8.9503269478772825e-04 8.6239077024078585e-04
2.6273400000e+04 8.8054441622933413e-04 8.5210608576099611e-04
2.6628980000e+04 8.7177559313381678e-04 8.4967844570938539e-04
2.6989380000e+04 8.5449504870875007e-04 7.5741237482680854e-04
2.7354640001e+04 8.4325734833838150e-04 7.3897951500356916e-04
2.7724860001e+04 8.3575676957563542e-04 7.8133621560659908e-04
2.8100080001e+04 8.2845038984022607e-04 8.3774557602468605e-04
2.8480360001e+04 8.1313403165144240e-04 7.9460162593653885e-04
2.8865820001e+04 8.0690384079077292e-04 8.4148486341836034e-04
2.9256480001e+04 7.9460728986608363e-04 7.9894528907676352e-04
2.9652420001e+04 7.8182296393625606e-04 7.4487489012642610e-04
3.0053740001e+04 7.7511159953972655e-04 7.7415406888198420e-04
3.0460460001e+04 7.6029833120439102e-04 7.0395622942294683e-04
3.0872720001e+04 7.4927262184013368e-04 6.6879080648511323e-04
3.1290540001e+04 7.4246194439585723e-04 7.3978326365258537e-04
3.1714020001e+04 7.3039081984700542e-04 7.5456584157869173e-04
3.2143220001e+04 7.2119931319579119e-04 6.8690982403701688e-04
3.2578240001e+04 7.1318662586511406e-04 7.4837473339205206e-04
3.3019140001e+04 7.0364679343611102e-04 7.0002428596465879e-04
3.3466020001e+04 6.9708960506332531e-04 7.7305101812949364e-04
3.3918940000e+04 6.8503520752159904e-04 7.1112975791613666e-04
3.4377980000e+04 6.7936836833376222e-04 6.8796579830283065e-04
3.4843240000e+04 6.6619667646664949e-04 6.9382125116800052e-04
3.5314800000e+04 6.5860655191537338e-04 6.9072528927616010e-04
3.5792740000e+04 6.4967763762096935e-04 6.3834839172474038e-04
3.6277140000e+04 6.4155579765391127e-04 6.2360430875222175e-04
3.6768120000e+04 6.3175862648254277e-04 6.3108770367578258e-04
3.7265720000e+04 6.2203225513658060e-04 6.0840030982075167e-04
3.7770060000e+04 6.1481243244160765e-04 6.1029560598014124e-04
3.8281240000e+04 6.0523542326562673e-04 6.2942797218363655e-04
3.8799320000e+04 6.0075379196669317e-04 6.5877463213595989e-04
3.9324420000e+04 5.9358322330203080e-04 6.3558092404735530e-04
3.9856619999e+04 5.8228860291311508e-04 5.6681229628615466e-04
4.0396039999e+04 5.7694589254385462e-04 5.5444337279360323e-04
4.0942739999e+04 5.6586233680307229e-04 5.4853182268684096e-04
4.1496839999e+04 5.5963798918343111e-04 5.5803728004863201e-04
4.2058459999e+04 5.5351314033351981e-04 5.9136485437011137e-04
4.2627659999e+04 5.4447673101427224e-04 5.3634777018543437e-04
4.3204579999e+04 5.3829234982631310e-04 5.6588262618957326e-04
4.3789299999e+04 5.2938360019866802e-04 5.0834421571087124e-04
4.4381919999e+04 5.2508911663848236e-04 5.5756763209719080e-04
4.4982579999e+04 5.1817160235862999e-04 5.6800565192512240e-04
4.5591359999e+04 5.1248970947357102e-04 5.5683213621814239e-04
4.6208379998e+04 5.0015904431855069e-04 4.8047234093081376e-04
4.6833739998e+04 4.9615326483938105e-04 5.0256365467153696e-04
4.7467579998e+04 4.8862610884928953e-04 4.8388260176868082e-04
4.8109999998e+04 4.8267498505909445e-04 4.4456423260728396e-04
4.8761099998e+04 4.7260115727418983e-04 3.9170776556801462e-04
4.9421019998e+04 4.6948572819276028e-04 4.7423273576443944e-04
5.0089859998e+04 4.6343548136861256e-04 4.6469821177346572e-04
5.0767759998e+04 4.5614946559018450e-04 4.4231770214950397e-04
5.1454839998e+04 4.5140760702588152e-04 4.5762560508056901e-04
5.2151219998e+04 4.4328433176603463e-04 3.9311950245933807e-04
5.2857019997e+04 4.4125532505519125e-04 4.4252037029177929e-04
5.3572379997e+04 4.3588580515522592e-04 4.7672501767777098e-04
5.4297399997e+04 4.2857754159366426e-04 4.4436951830788393e-04
5.5032239997e+04 4.2216182720064191e-04 4.1271570629996190e-04
5.5777039997e+04 4.1660028290127238e-04 4.0634216648080209e-04
5.6531899997e+04 4.1159899115407434e-04 4.2513277477624158e-04
5.7296999997e+04 4.0544368222096891e-04 3.9199143479092083e-04
5.8072439997e+04 4.0043592905244135e-04 4.1281764167567614e-04
5.8858379996e+04 3.9610658162706207e-04 4.2065315899724468e-04
5.9654939996e+04 3.9026563188033629e-04 3.8890544215256190e-04
6.0462299996e+04 3.8518017565769341e-04 3.8609819469449466e-04
6.1280579996e+04 3.8022621106501415e-04 4.1162000993139833e-04
6.2109919996e+04 3.7328867450117631e-04 3.5708596714988680e-04
6.2950499996e+04 3.6954592063441851e-04 3.7584644650372477e-04
6.3802459996e+04 3.6404961648313252e-04 3.4649761793515343e-04
6.4665939996e+04 3.6047729345596591e-04 3.6758575156084077e-04
6.5541119995e+04 3.5554651693472190e-04 3.8009520141501726e-04
6.6428119996e+04 3.4993555408799391e-04 3.4909716980289211e-04
6.7327139996e+04 3.4636917827577578e-04 3.3683574498949410e-04
6.8238339996e+04 3.3877218166123715e-04 2.8586268123808993e-04
6.9161859996e+04 3.3568651516684438e-04 3.1395415002902780e-04
7.0097859996e+04 3.3185801939491258e-04 3.4063304067366676e-04
7.1046559996e+04 3.2683601743595844e-04 3.2423289654136180e-04
7.2008079997e+04 3.2277514940101730e-04 3.1978037614663742e-04
7.2982619997e+04 3.1927082146817422e-04 3.2278953319630853e-04
7.3970339997e+04 3.1559107613955012e-04 3.2162161206804438e-04
7.4971439997e+04 3.1150226832724238e-04 3.1969484456112354e-04
7.5986079998e+04 3.0640171266112882e-04 3.2074445616477563e-04
7.7014439998e+04 3.0418374985198023e-04 3.4534959381858968e-04
7.8056739998e+04 2.9827214769024998e-04 3.1242847725617957e-04
7.9113139998e+04 2.9355333256596457e-04 2.7231228444973507e-04
8.0183819998e+04 2.9033248536790605e-04 2.9453909045500315e-04
8.1269019999e+04 2.8701114563390635e-04 3.0982806274289655e-04
8.2368879999e+04 2.8159635430055580e-04 2.6324660144331417e-04
8.3483639999e+04 2.7842775823857667e-04 2.8807911733243452e-04
8.4613479999e+04 2.7579776622096199e-04 2.8269354657871424e-04
8.5758619999e+04 2.7282315531439481e-04 2.8591312211854786e-04
8.6919260000e+04 2.6699734467479065e-04 2.4820581640321460e-04
8.8095600000e+04 2.6333158726065645e-04 2.4285080116629373e-04
8.9287860000e+04 2.6122615816439508e-04 2.6897801480460466e-04
9.0496240000e+04 2.5627179755037115e-04 2.4820115641017000e-04
9.1721000001e+04 2.5382794164640466e-04 2.4855722766108351e-04
9.2962320001e+04 2.5117043431599305e-04 2.6058975592786792e-04
9.4220440001e+04 2.4721426047521745e-04 2.5155030915358507e-04
9.5495600001e+04 2.4401827354772349e-04 2.3600146823726348e-04
9.6788020002e+04 2.4063137442192149e-04 2.3857899179490207e-04
9.8097920002e+04 2.3778031453541387e-04 2.4357196047264731e-04
9.9425540002e+04 2.3388098271263507e-04 2.3865933688229632e-04
1.0077114000e+05 2.3034727407951347e-04 2.1785270059767524e-04
1.0213494000e+05 2.2852178668369066e-04 2.1900878296087333e-04
1.0351720000e+05 2.2494756253964301e-04 2.2489445806910888e-04
1.0491818000e+05 2.2196404257970948e-04 2.1836949798037376e-04
1.0633812000e+05 2.1896407402556363e-04 2.2936456845318534e-04
1.0777726000e+05 2.1673028875791352e-04 2.2506186859647142e-04
1.0923588000e+05 2.1334356411074310e-04 2.0170138021027295e-04
1.1071426000e+05 2.1105699018635771e-04 2.1113869337569118e-04
1.1221262000e+05 2.0811749677575480e-04 2.3048920241091432e-04
1.1373128001e+05 2.0535057970098340e-04 2.3079897607587165e-04
1.1527048001e+05 2.0245948891129087e-04 2.1062901155106771e-04
1.1683052001e+05 1.9862531859397292e-04 1.7853255768247062e-04
1.1841168001e+05 1.9595197590046358e-04 1.9786680502253251e-04
1.2001422001e+05 1.9441483951803933e-04 1.9621391444078100e-04
1.2163846001e+05 1.9121114184137886e-04 1.8950724817381337e-04
1.2328468001e+05 1.8888568094264951e-04 1.9323949359097213e-04
1.2495318001e+05 1.8638187708214601e-04 1.8393761570047895e-04
1.2664426001e+05 1.8389106445345136e-04 1.7068984989997504e-04
1.2835824001e+05 1.8082932859873568e-04 1.6543038877354306e-04
1.3009540001e+05 1.7924622971622983e-04 1.8283731329756474e-04
1.3185606001e+05 1.7739355648193462e-04 1.7878259990278614e-04
1.3364056001e+05 1.7498866945980321e-04 1.7580961084681825e-04
1.3544922001e+05 1.7188908890961556e-04 1.6943192528164232e-04
1.3728236001e+05 1.7048816942655801e-04 1.7285146463047438e-04
1.3914030000e+05 1.6696416340705150e-04 1.7034826217651031e-04
1.4102338000e+05 1.6480625137349158e-04 1.4902222127148422e-04
1.4293194000e+05 1.6327415100056804e-04 1.6131055299189938e-04
1.4486634000e+05 1.6150796167536784e-04 1.6902291997230578e-04
1.4682692000e+05 1.5827195779455266e-04 1.5104429485038610e-04
1.4881404000e+05 1.5746010726656268e-04 1.7324190654651866e-04
1.5082804000e+05 1.5398662016893384e-04 1.4544191746399573e-04
1.5286930000e+05 1.5216262978155065e-04 1.4302191488162655e-04
1.5493820000e+05 1.5113940802394984e-04 1.5695264965008991e-04
1.5703508000e+05 1.4838259510798770e-04 1.5012935991280674e-04
1.5916035999e+05 1.4599839529311768e-04 1.4113567582025514e-04
1.6131437999e+05 1.4434389741044965e-04 1.4077313344368551e-04
1.6349755999e+05 1.4296673506570545e-04 1.4242715805388125e-04
1.6571029999e+05 1.4009495352816396e-04 1.3789032407492152e-04
1.6795295999e+05 1.3928815396582967e-04 1.4545098209720015e-04
1.7022599999e+05 1.3650195901588800e-04 1.2347611491670055e-04
1.7252977999e+05 1.3538543867757952e-04 1.3515244315464941e-04
1.7486475999e+05 1.3323876749314132e-04 1.2837729573217567e-04
1.7723131998e+05 1.3178693626802868e-04 1.3461938595459968e-04
1.7962991998e+05 1.2945947840422821e-04 1.3152105652775568e-04
1.8206097998e+05 1.2794601055817587e-04 1.2410696163551161e-04
1.8452493998e+05 1.2672876648476107e-04 1.2783927493703251e-04
1.8702223998e+05 1.2454491149956602e-04 1.2263740011853234e-04
1.8955335998e+05 1.2306416239673339e-04 1.2184770157365608e-04
1.9211871998e+05 1.2184859656544031e-04 1.2553214265663328e-04
1.9471879998e+05 1.1958477596329848e-04 1.2312750826203758e-04
1.9735405997e+05 1.1866601998019157e-04 1.2821573408342623e-04
2.0002499997e+05 1.1733325276645402e-04 1.3300246611293843e-04
2.0273207997e+05 1.1503643108350127e-04 1.0946644506475236e-04
2.0547577997e+05 1.1329774979193917e-04 1.0552506752388017e-04
2.0825663997e+05 1.1226913957372727e-04 1.1333972568246516e-04
2.1107511997e+05 1.1073103899892581e-04 1.1783095194488306e-04
2.1393175997e+05 1.0869729434115902e-04 1.0148758628248809e-04
2.1682703996e+05 1.0769286410305274e-04 1.1463400929760429e-04
2.1976151996e+05 1.0692275598446324e-04 1.2181145752431283e-04
2.2273569996e+05 1.0484763054592626e-04 1.0979088707385874e-04
2.2575013996e+05 1.0339285884725551e-04 1.0806600586936594e-04
2.2880537996e+05 1.0199804773182702e-04 1.0157586250960995e-04
2.3190197996e+05 1.0085548258880214e-04 1.1012022657187274e-04
2.3504045995e+05 9.8620595343851950e-05 9.3341991146315560e-05
2.3822143995e+05 9.8041875995531666e-05 9.7694546077492487e-05
2.4144545995e+05 9.6725537310795635e-05 9.8559865519384627e-05
2.4471309995e+05 9.4950645281540540e-05 9.0729235497347986e-05
2.4802497995e+05 9.3760981290353970e-05 8.6276974381626489e-05
2.5138167995e+05 9.2716041830840425e-05 8.8252481797500111e-05
2.5478379994e+05 9.1636176172088082e-05 9.3765486357098822e-05
2.5823197994e+05 9.0782193311539355e-05 1.0055321757502805e-04
2.6172681994e+05 8.8810267074380079e-05 8.5817035662999770e-05
2.6526895994e+05 8.7986802740449722e-05 9.3136573148206152e-05
2.6885901995e+05 8.7049371453530843e-05 8.8599595595716189e-05
2.7249767995e+05 8.5672167344926994e-05 9.0888452404615927e-05
2.7618559995e+05 8.5006378499049491e-05 9.3258343351719134e-05
2.7992339996e+05 8.3303535917845093e-05 8.1705149340401432e-05
2.8371179996e+05 8.2160902250297857e-05 8.2982623670623351e-05
2.8755147996e+05 8.0801394624778792e-05 7.3589259087891728e-05
2.9144311997e+05 7.9970197480212354e-05 7.6740926106807019e-05
2.9538741997e+05 7.8799059147738088e-05 7.4673808251447102e-05
2.9938511997e+05 7.7829355964693285e-05 7.8075620013920712e-05
3.0343689998e+05 7.6838406595340403e-05 7.5533054029779345e-05
3.0754353998e+05 7.6474081399386716e-05 8.5248280411643186e-05
3.1170573999e+05 7.4939341285520754e-05 7.3671778970624448e-05
3.1592427999e+05 7.4268541337856690e-05 8.1918805901074536e-05
3.2019989999e+05 7.2995328757053415e-05 7.7315927382482223e-05
3.2453340000e+05 7.1923687220000316e-05 6.6656690696621269e-05
3.2892554000e+05 7.0778346904833031e-05 6.8020678042726175e-05
3.3337712001e+05 7.0052660239706602e-05 6.7533965710087695e-05
3.3788896001e+05 6.8961163332924530e-05 7.2149233201422789e-05
3.4246184001e+05 6.8037594474869382e-05 6.2431887887354703e-05
3.4709662002e+05 6.7315560486384750e-05 6.8761437442313968e-05
3.5179412002e+05 6.6469812125109719e-05 6.9330993339552867e-05
3.5655520003e+05 6.5200021331658607e-05 6.0029503907178575e-05
3.6138072003e+05 6.4292103773290810e-05 5.4213548437678353e-05
3.6627154004e+05 6.4062098058570010e-05 7.1949055100597193e-05
3.7122856004e+05 6.3235454309930862e-05 6.7564325107579250e-05
3.7625266005e+05 6.2062639098387455e-05 6.4874559796654577e-05
3.8134476005e+05 6.1184831365774687e-05 5.8710396934168502e-05
3.8650576006e+05 6.0142028277422085e-05 5.7126888290384799e-05
3.9173662006e+05 5.9907043461726684e-05 6.4455513190024146e-05
3.9703828007e+05 5.8742529654092389e-05 5.5687854763728511e-05
4.0241168007e+05 5.7949331350647485e-05 5.5262442337096239e-05
4.0785780008e+05 5.7052152945075653e-05 5.6506652214947371e-05
4.1337762008e+05 5.6298634646563115e-05 5.1519240617036928e-05
4.1897216009e+05 5.5705922273834806e-05 5.2172804509899354e-05
4.2464240009e+05 5.4889469670095725e-05 5.2390669892932058e-05
4.3038940010e+05 5.4351144334766749e-05 5.6657483418606879e-05
4.3621416010e+05 5.3210468916277451e-05 4.8182885269417634e-05
4.4211776011e+05 5.2883577649213891e-05 5.5320737069186358e-05
4.4810126011e+05 5.2320267966399863e-05 5.3831079495188454e-05
4.5416572012e+05 5.1602181777073481e-05 5.6367803558820454e-05
4.6031228012e+05 5.0971353463247431e-05 5.3408033495940208e-05
4.6654200013e+05 5.0254804435705172e-05 5.4164057601985890e-05
4.7285604014e+05 4.9276583310971770e-05 4.6826739092622568e-05
4.7925554014e+05 4.8906235179396420e-05 5.1741593944475442e-05
4.8574166015e+05 4.8142961748535399e-05 4.7302392178401511e-05
4.9231554015e+05 4.7348087119734937e-05 4.2348614220945266e-05
4.9897840016e+05 4.6825809671764347e-05 4.8928110620074695e-05
5.0573142017e+05 4.6182470612333011e-05 4.5223843044114401e-05
5.1257584017e+05 4.5586995681465289e-05 4.3520215128315976e-05
5.1951290018e+05 4.4893016867797048e-05 4.1752814223690752e-05
5.2654384019e+05 4.4397313557559131e-05 4.4390252104415259e-05
5.3366994019e+05 4.3862503270404972e-05 4.1412835242052851e-05
5.4089246020e+05 4.3233811633628312e-05 4.2355556664802663e-05
5.4821276021e+05 4.2675905684232852e-05 4.3670864112159994e-05
5.5563210021e+05 4.2247499828549051e-05 4.7501948757381054e-05
5.6315186022e+05 4.1420844870766596e-05 4.0146684778065887e-05
5.7077340023e+05 4.0823863400571218e-05 3.6660257361652136e-05
5.7849808023e+05 4.0481389273909752e-05 4.1292389796660373e-05
5.8632732024e+05 3.9993457502422565e-05 4.3761955770707285e-05
5.9426250025e+05 3.9527343899700224e-05 4.0516196577079751e-05
6.0230508026e+05 3.8950863036576189e-05 3.9517911366348695e-05
6.1045650026e+05 3.8335125063338379e-05 3.5752249226369793e-05
6.1871824027e+05 3.7839615023044660e-05 3.8642909285743733e-05
6.2709180028e+05 3.7280844562940744e-05 3.6112486916652603e-05
6.3557868029e+05 3.6909602389442515e-05 3.9942557547488678e-05
6.4418040030e+05 3.6126414740614938e-05 3.3405270361631259e-05
6.5289856030e+05 3.5759201595642612e-05 3.5046197890994569e-05
6.6173470031e+05 3.5365087117067430e-05 3.2550931172770745e-05
6.7069042032e+05 3.4888927293551260e-05 3.3958314173566329e-05
6.7976736033e+05 3.4348912018693873e-05 3.1568101236427295e-05
6.8896714034e+05 3.3954624825694365e-05 3.6161236330874949e-05
6.9829142035e+05 3.3599414179679744e-05 3.6317722067366170e-05
7.0774190036e+05 3.2973244749400743e-05 3.2510789083321483e-05
7.1732026036e+05 3.2422289356088300e-05 3.0123645700997779e-05
7.2702828037e+05 3.2018229399754398e-05 2.9630663055527522e-05
7.3686766038e+05 3.1722609116494587e-05 3.1808500755346990e-05
7.4684022039e+05 3.1222994773133029e-05 2.9412427461263220e-05
7.5694774040e+05 3.0990863916412495e-05 3.1802526222801510e-05
7.6719204041e+05 3.0498813976238207e-05 3.2373188153995880e-05
7.7757500042e+05 2.9893251336481900e-05 2.6483756369874224e-05
7.8809848043e+05 2.9602361616455407e-05 2.8041667926531031e-05
7.9876438044e+05 2.9367836139328668e-05 3.0898822807073548e-05
8.0957462045e+05 2.9038563605844838e-05 3.2076671332153323e-05
8.2053118046e+05 2.8462854254852718e-05 2.8593892769497088e-05
8.3163600047e+05 2.8162678175970563e-05 2.8560931260251308e-05
8.4289112048e+05 2.7851047902904850e-05 2.8431263838366325e-05
8.5429858049e+05 2.7263264910360043e-05 2.6537932784033140e-05
8.6586040050e+05 2.7145693699614836e-05 2.8746974650214373e-05
8.7757870051e+05 2.6604591230441945e-05 2.4565149680245869e-05
8.8945560052e+05 2.6162401011215382e-05 2.4175533314388004e-05
9.0149324054e+05 2.6051911925230223e-05 2.7948076012924356e-05
9.1369378055e+05 2.5614498528082675e-05 2.4241063619415936e-05
9.2605946056e+05 2.5215023671535728e-05 2.4572267275321302e-05
9.3859248057e+05 2.5020154347760881e-05 2.5346776742511152e-05
9.5129512058e+05 2.4567062027946124e-05 2.3987571428130135e-05
9.6416966059e+05 2.4166210376351060e-05 2.4098998936405774e-05
9.7721846061e+05 2.3919899289841117e-05 2.3534838398544202e-05
9.9044386062e+05 2.3572831683052763e-05 2.2144213644348364e-05
1.0038482406e+06 2.3373291436993527e-05 2.4726174969783108e-05
1.0174340206e+06 2.3021956784712543e-05 2.3822358094886754e-05
1.0312036807e+06 2.2809432391502795e-05 2.3873367845594083e-05
1.0451597007e+06 2.2381907841546663e-05 2.1195011692187789e-05
1.0593046007e+06 2.2103554315252778e-05 2.1496395626475498e-05
1.0736409207e+06 2.1843277738433019e-05 2.2156583035378006e-05
1.0881712607e+06 2.1472337915351995e-05 2.0300761226355939e-05
1.1028982607e+06 2.1321749348693676e-05 2.3958836774166857e-05
1.1178245607e+06 2.0940021961301141e-05 2.0529731711751119e-05
1.1329528808e+06 2.0590707636997377e-05 1.8837485077492855e-05
1.1482859408e+06 2.0464148167484042e-05 2.0240922203828987e-05
1.1638265008e+06 2.0189870498395273e-05 2.1113343418697874e-05
1.1795774008e+06 1.9789237170625275e-05 1.9603340808429904e-05
1.1955414608e+06 1.9542765640285581e-05 1.7945658635570893e-05
1.2117215808e+06 1.9401076625086731e-05 2.0812923314927448e-05
1.2281206608e+06 1.9008470289134341e-05 1.8673233568306889e-05
1.2447417009e+06 1.8870921970924516e-05 1.9916111345904279e-05
1.2615876609e+06 1.8526296735656566e-05 1.8971086053944889e-05
1.2786616209e+06 1.8324553736296385e-05 1.8386879668462048e-05
1.2959666609e+06 1.8065229933904064e-05 1.8114313952695933e-05
1.3135059009e+06 1.7894756991853958e-05 1.8849773149066933e-05
1.3312825209e+06 1.7623206501744040e-05 1.7412234418992578e-05
1.3492997010e+06 1.7348362373505183e-05 1.7564571867938230e-05
1.3675607410e+06 1.7193304820645670e-05 1.9048165616814264e-05
1.3860689210e+06 1.6862617092611719e-05 1.6213118447639584e-05
1.4048275810e+06 1.6603364398748799e-05 1.5581615872674160e-05
1.4238401010e+06 1.6543658232586090e-05 1.7269317543929767e-05
1.4431099410e+06 1.6310441558407139e-05 1.6582520115716671e-05
1.4626405811e+06 1.5977263348518370e-05 1.5208225631818910e-05
1.4824355411e+06 1.5883382644676819e-05 1.7149864591094737e-05
1.5024983811e+06 1.5680119884732942e-05 1.7153726760435256e-05
1.5228327611e+06 1.5410713086942145e-05 1.5971254008649750e-05
1.5434423411e+06 1.5238686981225455e-05 1.6952315254990336e-05
1.5643308412e+06 1.4936967565161056e-05 1.4740019344353184e-05
1.5855020612e+06 1.4746996509060556e-05 1.4940846383338206e-05
1.6069597812e+06 1.4503666945275430e-05 1.3131286883283927e-05
1.6287079012e+06 1.4361327341799361e-05 1.4729139458353129e-05
1.6507503812e+06 1.4168742924825712e-05 1.3342320162622568e-05
1.6730911413e+06 1.3971801045188984e-05 1.2820756905513117e-05
1.6957342813e+06 1.3824494668857703e-05 1.2981511437576363e-05
1.7186838613e+06 1.3651092068453556e-05 1.3956381965051739e-05
1.7419440413e+06 1.3473267939133198e-05 1.3035366887608068e-05
1.7655190013e+06 1.3301130650529499e-05 1.4078142905424559e-05
1.7894130214e+06 1.3112245464807522e-05 1.3207086162962139e-05
1.8136304214e+06 1.2871225295374254e-05 1.1478898444951334e-05
1.8381755814e+06 1.2752267346800511e-05 1.2557798404168621e-05
1.8630529214e+06 1.2547284669264134e-05 1.2299189229097109e-05
1.8882669415e+06 1.2417958280552142e-05 1.1975511241027192e-05
1.9138222015e+06 1.2223095852774433e-05 1.2499584886809119e-05
1.9397233215e+06 1.2068130232718070e-05 1.1334774132592651e-05
1.9659749615e+06 1.1847873970831896e-05 1.0448279729585033e-05
1.9925819016e+06 1.1769662211334020e-05 1.1786533730711854e-05
2.0195489416e+06 1.1619590443861609e-05 1.2579095462912512e-05
2.0468809216e+06 1.1495516775255971e-05 1.1754022901719102e-05
2.0745828216e+06 1.1318970929429731e-05 1.0970688651037382e-05
2.1026596217e+06 1.1145097495126121e-05 1.0618096848831671e-05
2.1311164217e+06 1.0962171502480506e-05 1.0231035785285575e-05
2.1599583417e+06 1.0895119875398392e-05 1.1675510556098325e-05
2.1891905817e+06 1.0732841105682355e-05 1.1518740225093939e-05
2.2188184618e+06 1.0521422695296442e-05 9.9223733530250123e-06
2.2488473018e+06 1.0424351490092308e-05 1.0185950019673584e-05
2.2792825618e+06 1.0293998146802351e-05 1.0594294575089601e-05
2.3101297018e+06 1.0171183729763079e-05 1.0199480789752395e-05
2.3413943419e+06 1.0063452349105950e-05 1.0868794260634454e-05
2.3730821019e+06 9.8968836464858456e-06 9.8620310363005926e-06
2.4051987019e+06 9.7484024100530308e-06 1.0586841019915168e-05
2.4377499620e+06 9.6512434315328114e-06 1.0179916711653324e-05
2.4707417820e+06 9.4964162707460905e-06 9.3652308675410109e-06
2.5041800820e+06 9.4209059835199047e-06 1.0384530354126009e-05
2.5380709221e+06 9.2150185377192543e-06 8.6126986089793545e-06
2.5724204421e+06 9.0823274712490197e-06 9.2619399607942275e-06
2.6072348421e+06 9.0023888418594149e-06 9.3724851167282767e-06
2.6425204022e+06 8.9010544239123931e-06 9.6220969691628786e-06
2.6782835222e+06 8.8128909830944085e-06 9.5159289272416138e-06
2.7145306422e+06 8.6487016054175378e-06 8.2780120870880301e-06
2.7512683023e+06 8.5041194760158492e-06 7.7134014114343456e-06
2.7885031823e+06 8.3967638043258572e-06 8.4696388085401685e-06
2.8262419823e+06 8.3352736238733818e-06 8.8495327404551789e-06
2.8644915224e+06 8.1664842843350420e-06 8.1073326752613286e-06
2.9032587224e+06 8.1132854103389564e-06 8.4270583471874390e-06
2.9425505824e+06 7.9846033717131884e-06 7.9448565974544018e-06
2.9823742225e+06 7.8615704524637236e-06 7.5750587453473109e-06
3.0227368025e+06 7.7698685669275092e-06 8.0744052882831494e-06
3.0636456625e+06 7.6557112787384262e-06 7.2986278892013589e-06
3.1051081626e+06 7.5365266647314052e-06 7.4973754676948783e-06
3.1471318026e+06 7.4618645353545852e-06 7.9131712696448222e-06
3.1897241627e+06 7.3561221342504581e-06 7.4948243267245564e-06
3.2328929827e+06 7.2552400287509713e-06 6.9665853309565834e-06
3.2766460227e+06 7.1665112549877881e-06 7.4705286245187733e-06
3.3209912028e+06 7.0877018806775526e-06 7.3835131178225915e-06
3.3659365428e+06 6.9823490220592900e-06 7.7515314860207713e-06
3.4114901429e+06 6.8452626457924394e-06 6.0825684282456449e-06
3.4576602629e+06 6.7825050600982787e-06 6.4094463217584915e-06
3.5044552430e+06 6.6802453378882458e-06 6.6430377319284747e-06
3.5518835430e+06 6.6171860081799818e-06 6.5899499646586551e-06
3.5999537030e+06 6.5225212171030577e-06 6.7280337071531209e-06
3.6486744431e+06 6.4586582152676093e-06 7.2947568203199553e-06
3.6980545431e+06 6.3438431837235760e-06 6.5432023631654057e-06
3.7481029432e+06 6.2629038437384021e-06 6.0003402367964793e-06
3.7988286832e+06 6.2181183288928543e-06 7.0713421733145660e-06
3.8502409433e+06 6.0846109948751816e-06 5.9381205363666983e-06
3.9023489833e+06 5.9847136426245604e-06 5.9784804505176503e-06
3.9551622634e+06 5.9744232728793892e-06 6.7570671037467636e-06
4.0086902834e+06 5.8771559291300966e-06 6.4429629084628210e-06
4.0629427435e+06 5.7852756593520271e-06 6.2304106199283347e-06
4.1179294435e+06 5.6821109841426922e-06 5.7002546593875712e-06
4.1736603036e+06 5.5990735179286351e-06 5.3989747849117305e-06
4.2301454228e+06 5.5463777230657998e-06 5.4114884160561414e-06
4.2873949815e+06 5.4581369797568340e-06 5.3427750775170840e-06
4.3454193602e+06 5.3945454202238528e-06 5.6000173305318619e-06
4.4042289989e+06 5.3030841579814970e-06 4.8302874339089813e-06
4.4638345776e+06 5.2559385580847027e-06 4.9843782263414242e-06
4.5242468162e+06 5.1772579612160051e-06 5.0029059538497205e-06
4.5854766749e+06 5.1246874738044111e-06 5.2476746522593180e-06
4.6475351935e+06 5.0590871152056947e-06 5.0810675463876278e-06
4.7104335921e+06 4.9855775527828398e-06 4.9647667268437025e-06
4.7741832306e+06 4.8857189336271369e-06 4.6416732346941249e-06
4.8387956492e+06 4.8543326447527612e-06 5.0985697234826709e-06
4.9042825277e+06 4.7638476001662140e-06 4.6585063027893811e-06
4.9706556662e+06 4.7306509664611108e-06 4.8097411510688839e-06
5.0379270847e+06 4.6549949079713864e-06 4.2569159851211889e-06
5.1061089432e+06 4.6063047137601442e-06 4.6174442010883343e-06
5.1752135417e+06 4.5498696946361122e-06 4.6260397752638527e-06
5.2452533801e+06 4.4649413461883726e-06 4.2991809362348540e-06
5.3162411385e+06 4.4280681343004255e-06 4.7970447133397778e-06
5.3881896169e+06 4.3463081582375897e-06 4.2692416657468344e-06
5.4611118153e+06 4.2993536984133345e-06 4.3674280762421588e-06
5.5350209136e+06 4.2548556913583314e-06 4.2368427188095060e-06
5.6099302920e+06 4.1964750624153002e-06 4.2780480866476750e-06
5.6858534703e+06 4.1347406871212421e-06 4.0528152762587985e-06
5.7628041685e+06 4.0757765208205940e-06 4.1921759594175339e-06
5.8407963068e+06 4.0193519452640224e-06 3.8995415806055313e-06
5.9198439650e+06 3.9538325992652868e-06 3.7026198643241176e-06
5.9999614232e+06 3.8984330319719363e-06 3.6711770250197093e-06
6.0811631614e+06 3.8602744216089764e-06 4.1160247974122604e-06
6.1634638796e+06 3.8117333317833595e-06 3.8279852824855085e-06
6.2468784177e+06 3.7578177510837453e-06 3.6685909235509853e-06
6.3314218558e+06 3.6938381401577353e-06 3.7152560755638968e-06
6.4171094939e+06 3.6551163373876368e-06 3.6523788790429193e-06
6.5039568120e+06 3.6245017403506303e-06 4.1654198274614398e-06
6.5919794900e+06 3.5644604828325884e-06 3.4727251255686537e-06
6.6811934280e+06 3.5096612740756993e-06 3.3931994241871553e-06
6.7716147860e+06 3.4747327492789314e-06 3.4010664253919645e-06
6.8632598639e+06 3.4264077314266845e-06 3.5175266347677676e-06
6.9561452419e+06 3.3871056620713847e-06 3.5250906250555049e-06
7.0502876998e+06 3.3240932700905360e-06 3.3489037052247894e-06
7.1457042576e+06 3.2928464787118642e-06 3.3246199578438195e-06
7.2424121555e+06 3.2327620399104976e-06 3.0330529888700709e-06
7.3404288733e+06 3.1848057021172392e-06 3.0868451058061783e-06
7.4397721311e+06 3.1666659980012843e-06 3.4527388766517376e-06
7.5404598488e+06 3.1070777804243764e-06 3.1968709157095852e-06
7.6425102665e+06 3.0774668311745513e-06 3.2888937468636864e-06
7.7459417842e+06 3.0278896638981850e-06 2.7297097848886708e-06
7.8507731419e+06 2.9958452025065592e-06 2.9843467338690278e-06
7.9570232395e+06 2.9675113275516841e-06 3.1896426787750211e-06
8.0647112971e+06 2.9041820540277797e-06 2.7731209217517364e-06
8.1738567747e+06 2.8884974260354718e-06 2.9579655116384268e-06
8.2844793922e+06 2.8344920488311190e-06 3.0691863122742736e-06
8.3965991297e+06 2.7956981746907995e-06 2.8066312826539955e-06
8.5102362871e+06 2.7580362323577942e-06 2.8568497802023041e-06
8.6254113646e+06 2.7349535550828151e-06 2.8916036277116717e-06
8.7421452019e+06 2.6756816438587987e-06 2.5009110725358555e-06
8.8604588793e+06 2.6294016542349683e-06 2.3118501903049134e-06
8.9803737566e+06 2.6117059828183755e-06 2.5565151440871731e-06
9.1019115539e+06 2.5903575309657642e-06 2.8840166317947381e-06
9.2250941912e+06 2.5521244938884545e-06 2.7153992965024369e-06
9.3499439684e+06 2.4988000956458005e-06 2.2257692166655914e-06
9.4764834055e+06 2.4785167964206967e-06 2.4204014280824657e-06
9.6047354027e+06 2.4535802576769101e-06 2.6799908571843660e-06
9.7347231198e+06 2.4090160635228608e-06 2.4376389418417151e-06
9.8664700568e+06 2.3845219648992846e-06 2.4600168272846487e-06
