# t E S  (m=4 n=3 eps=0.1 alpha=1 mu=1 h=0.02 seed=1) BACD splitting
1.0000000000e+00 1.3092393799499027e+00 1.1172554172557416e+00
1.0200000000e+00 1.3037170081634724e+00 1.1314465414559964e+00
1.0400000000e+00 1.2981932982216606e+00 1.1448970711590716e+00
1.0600000000e+00 1.2926817140969258e+00 1.1575960260935607e+00
1.0800000000e+00 1.2871954161058761e+00 1.1695345061147209e+00
1.1000000000e+00 1.2817471622624799e+00 1.1807057083738146e+00
1.1200000000e+00 1.2763492166365606e+00 1.1911049333845556e+00
1.1400000000e+00 1.2710132656095241e+00 1.2007295803568112e+00
1.1600000000e+00 1.2657503427587851e+00 1.2095791322346745e+00
1.1800000000e+00 1.2605707629386202e+00 1.2176551309337993e+00
1.2000000000e+00 1.2554840659617388e+00 1.2249611433213952e+00
1.2200000000e+00 1.2504989701257661e+00 1.2315027185215164e+00
1.2400000000e+00 1.2456233356749922e+00 1.2372873371584912e+00
1.2600000000e+00 1.2408641381424856e+00 1.2423243531728609e+00
1.2800000000e+00 1.2362274513830831e+00 1.2466249288575131e+00
1.3000000000e+00 1.2317184399854115e+00 1.2502019637673538e+00
1.3200000000e+00 1.2273413606422083e+00 1.2530700181545407e+00
1.3400000000e+00 1.2230995719635531e+00 1.2552452315736680e+00
1.3600000000e+00 1.2189955521377136e+00 1.2567452372881298e+00
1.3800000000e+00 1.2150309237792005e+00 1.2575890730909054e+00
1.4000000000e+00 1.2112064852531952e+00 1.2577970891310235e+00
1.4200000000e+00 1.2075222477292860e+00 1.2573908533116682e+00
1.4400000000e+00 1.2039774771948093e+00 1.2563930547980464e+00
1.4600000000e+00 1.2005707406481907e+00 1.2548274061434102e+00
1.4800000000e+00 1.1972999556945760e+00 1.2527185445106752e+00
1.5000000000e+00 1.1941624427786453e+00 1.2500919324354649e+00
1.5200000000e+00 1.1911549793117249e+00 1.2469737585446992e+00
1.5400000000e+00 1.1882738549809160e+00 1.2433908386134749e+00
1.5600000000e+00 1.1855149275658459e+00 1.2393705173124068e+00
1.5800000000e+00 1.1828736786325598e+00 1.2349405709681065e+00
1.6000000000e+00 1.1803452685229430e+00 1.2301291116314148e+00
1.6200000000e+00 1.1779245901107340e+00 1.2249644927215473e+00
1.6400000000e+00 1.1756063208506602e+00 1.2194752164896761e+00
1.6600000000e+00 1.1733849727044980e+00 1.2136898435227370e+00
1.6800000000e+00 1.1712549395860345e+00 1.2076369044874993e+00
1.7000000000e+00 1.1692105420251595e+00 1.2013448142961880e+00
1.7200000000e+00 1.1672460688088873e+00 1.1948417888581782e+00
1.7400000000e+00 1.1653558154133359e+00 1.1881557645674277e+00
1.7600000000e+00 1.1635341190949802e+00 1.1813143206622878e+00
1.7800000000e+00 1.1617753905613148e+00 1.1743446045830215e+00
1.8000000000e+00 1.1600741421899996e+00 1.1672732604425939e+00
1.8200000000e+00 1.1584250128111899e+00 1.1601263607179637e+00
1.8400000000e+00 1.1568227891098362e+00 1.1529293412619683e+00
1.8600000000e+00 1.1552624237429361e+00 1.1457069397298074e+00
1.8800000000e+00 1.1537390503009488e+00 1.1384831375088920e+00
1.9000000000e+00 1.1522479952725997e+00 1.1312811052362108e+00
1.9200000000e+00 1.1507847871981043e+00 1.1241231519832147e+00
1.9400000000e+00 1.1493451632173182e+00 1.1170306781843049e+00
1.9600000000e+00 1.1479250732365234e+00 1.1100241323811575e+00
1.9800000000e+00 1.1465206819504703e+00 1.1031229718511359e+00
2.0000000000e+00 1.1451283689650222e+00 1.0963456271837646e+00
2.0200000000e+00 1.1437447272703607e+00 1.0897094708644890e+00
2.0400000000e+00 1.1423665603153450e+00 1.0832307899196105e+00
2.0600000000e+00 1.1409908779304461e+00 1.0769247626701790e+00
2.0800000000e+00 1.1396148913398361e+00 1.0708054396356919e+00
2.1000000000e+00 1.1382360074929831e+00 1.0648857286205344e+00
2.1400000000e+00 1.1354601173999592e+00 1.0536910002700117e+00
2.1600000000e+00 1.1340588473578108e+00 1.0484360097128953e+00
2.2000000000e+00 1.1312202850374853e+00 1.0386521424005830e+00
2.2200000000e+00 1.1297797329102919e+00 1.0341363578804514e+00
2.2600000000e+00 1.1268490921285665e+00 1.0258813297524438e+00
2.2800000000e+00 1.1253566468437508e+00 1.0221484653269939e+00
2.3200000000e+00 1.1223126675973016e+00 1.0154799802618846e+00
2.3400000000e+00 1.1207596046847816e+00 1.0125444615713115e+00
2.3800000000e+00 1.1175884929030429e+00 1.0074638590901270e+00
2.4000000000e+00 1.1159696918367605e+00 1.0053132314273150e+00
2.4400000000e+00 1.1126646533420623e+00 1.0017711507267002e+00
2.4800000000e+00 1.1092698536596641e+00 9.9920549746781506e-01
2.5000000000e+00 1.1075392917823568e+00 9.9827285318035086e-01
2.5400000000e+00 1.1040138260234393e+00 9.9707079118779307e-01
2.5800000000e+00 1.1004064411008447e+00 9.9669780191644941e-01
2.6000000000e+00 1.0985738423781723e+00 9.9680001197380674e-01
2.6400000000e+00 1.0948552075944711e+00 9.9753479679423007e-01
2.6800000000e+00 1.0910719762179926e+00 9.9891169029548887e-01
2.7200000000e+00 1.0872328588917071e+00 1.0008512714697120e+00
2.7600000000e+00 1.0833470601588744e+00 1.0032740915374461e+00
2.7800000000e+00 1.0813895661676902e+00 1.0046422744036303e+00
2.8200000000e+00 1.0774510667916646e+00 1.0076447911122193e+00
2.8600000000e+00 1.0734883098817298e+00 1.0109418145357600e+00
2.9000000000e+00 1.0695088958923264e+00 1.0144651793243162e+00
2.9400000000e+00 1.0655190380244011e+00 1.0181524138818776e+00
2.9800000000e+00 1.0615232306012374e+00 1.0219474404910913e+00
3.0200000000e+00 1.0575239973519639e+00 1.0258010475092632e+00
3.0600000000e+00 1.0535217356413815e+00 1.0296711367006606e+00
3.1000000000e+00 1.0495146668108157e+00 1.0335227547001431e+00
3.1400000000e+00 1.0454988962493539e+00 1.0373279227956171e+00
3.1800000000e+00 1.0414685801945058e+00 1.0410652835457490e+00
3.2400000000e+00 1.0353789881617548e+00 1.0465123366378524e+00
3.2800000000e+00 1.0312765579026093e+00 1.0500251840487893e+00
3.3200000000e+00 1.0271282988840462e+00 1.0534390215508675e+00
3.3600000000e+00 1.0229239014957565e+00 1.0567541801757243e+00
3.4000000000e+00 1.0186533136191493e+00 1.0599734696858472e+00
3.4600000000e+00 1.0121032580330189e+00 1.0646323547956473e+00
3.5000000000e+00 1.0076291486810118e+00 1.0676320829071471e+00
3.5400000000e+00 1.0030623318015695e+00 1.0705518706916819e+00
3.6000000000e+00 9.9603134876985211e-01 1.0747868879727087e+00
3.6400000000e+00 9.9122288514361379e-01 1.0775133452497656e+00
3.7000000000e+00 9.8383561409986253e-01 1.0814472341029204e+00
3.7400000000e+00 9.7880352403741577e-01 1.0839532007205883e+00
3.8000000000e+00 9.7111866088598275e-01 1.0875027313205343e+00
3.8400000000e+00 9.6592303062349849e-01 1.0897017354050706e+00
3.9000000000e+00 9.5806033139017199e-01 1.0926887957977280e+00
3.9600000000e+00 9.5016949682508645e-01 1.0952138385596895e+00
4.0000000000e+00 9.4492670173021676e-01 1.0965845453462795e+00
4.0600000000e+00 9.3714185267278749e-01 1.0980785870219842e+00
4.1200000000e+00 9.2951560989663062e-01 1.0987794594003011e+00
4.1600000000e+00 9.2455340759544491e-01 1.0987385332425199e+00
4.2200000000e+00 9.1733922318654426e-01 1.0978146819954540e+00
4.2800000000e+00 9.1044719816971309e-01 1.0957418591500532e+00
4.3400000000e+00 9.0391879473926051e-01 1.0924043567772057e+00
4.4000000000e+00 8.9778097232691301e-01 1.0877060302649462e+00
4.4600000000e+00 8.9204534237367628e-01 1.0815761224398392e+00
4.5200000000e+00 8.8670849025030218e-01 1.0739743790874008e+00
4.5800000000e+00 8.8175337979364443e-01 1.0648952392049615e+00
4.6400000000e+00 8.7715164412816393e-01 1.0543709074147993e+00
4.7000000000e+00 8.7286648465703265e-01 1.0424731426617859e+00
4.7600000000e+00 8.6885585734258397e-01 1.0293136291316989e+00
4.8400000000e+00 8.6385917442704785e-01 1.0100702296819697e+00
4.9000000000e+00 8.6031908622623632e-01 9.9461357442166354e-01
4.9600000000e+00 8.5691311753910737e-01 9.7852950904462532e-01
5.0200000000e+00 8.5360728605286595e-01 9.6206976674132583e-01
5.1000000000e+00 8.4930709348259481e-01 9.4000404217308131e-01
5.1600000000e+00 8.4613425659398456e-01 9.2372364898726678e-01
5.2400000000e+00 8.4194247892520291e-01 9.0289305575642498e-01
5.3000000000e+00 8.3881184671017628e-01 8.8825952343417114e-01
5.3800000000e+00 8.3463672305336456e-01 8.7049906746275862e-01
5.4600000000e+00 8.3044111154448264e-01 8.5513924829793231e-01
5.5200000000e+00 8.2726733013704801e-01 8.4538644339688096e-01
5.6000000000e+00 8.2297808814068729e-01 8.3488042293256481e-01
5.6800000000e+00 8.1859367604819466e-01 8.2725304009396794e-01
5.7600000000e+00 8.1407682676874105e-01 8.2238192086982098e-01
5.8200000000e+00 8.1057768781293782e-01 8.2038067596981490e-01
5.9000000000e+00 8.0573028699305360e-01 8.1961140245970276e-01
5.9800000000e+00 8.0064057521808885e-01 8.2058240288000350e-01
6.0600000000e+00 7.9527996296081083e-01 8.2276746569797199e-01
6.1400000000e+00 7.8963495468059897e-01 8.2561859589820707e-01
6.2400000000e+00 7.8219052522768429e-01 8.2931938263863392e-01
6.3200000000e+00 7.7596288573132355e-01 8.3182930503845465e-01
6.4000000000e+00 7.6955254019766661e-01 8.3354881593564789e-01
6.4800000000e+00 7.6303303478779605e-01 8.3424150392430152e-01
6.5800000000e+00 7.5486012946078829e-01 8.3350704230420403e-01
6.6600000000e+00 7.4841130650931353e-01 8.3167189438024880e-01
6.7600000000e+00 7.4059939035299083e-01 8.2805535953908205e-01
6.8400000000e+00 7.3463548997465189e-01 8.2438495305854809e-01
6.9400000000e+00 7.2762380855724962e-01 8.1927679715965285e-01
7.0400000000e+00 7.2115955837300005e-01 8.1409168865229853e-01
7.1200000000e+00 7.1639343945019140e-01 8.1019264473269303e-01
7.2200000000e+00 7.1092111102660471e-01 8.0587566617360806e-01
7.3200000000e+00 7.0593080023510457e-01 8.0225321503745795e-01
7.4200000000e+00 7.0133355034151712e-01 7.9917733826210369e-01
7.5200000000e+00 6.9702227924769233e-01 7.9627569016180511e-01
7.6200000000e+00 6.9288499661708480e-01 7.9300413317193119e-01
7.7200000000e+00 6.8881858735401380e-01 7.8872844028193778e-01
7.8400000000e+00 6.8391872825133637e-01 7.8139928177003670e-01
7.9400000000e+00 6.7975954732991406e-01 7.7288081764121852e-01
8.0400000000e+00 6.7551110009060222e-01 7.6188454907374226e-01
8.1600000000e+00 6.7030667438269842e-01 7.4547741282642854e-01
8.2600000000e+00 6.6591046145039390e-01 7.2955800014149030e-01
8.3800000000e+00 6.6061492767989871e-01 7.0878097381814442e-01
8.4800000000e+00 6.5623015958736064e-01 6.9116518898300583e-01
8.6000000000e+00 6.5106410994186059e-01 6.7126336395248165e-01
8.7200000000e+00 6.4607411588121588e-01 6.5445910156667964e-01
8.8400000000e+00 6.4133291723479147e-01 6.4234552540271705e-01
8.9600000000e+00 6.3689295253815215e-01 6.3600316963937309e-01
9.0800000000e+00 6.3276628262149059e-01 6.3581425781843293e-01
9.2000000000e+00 6.2891399580347163e-01 6.4137406657573703e-01
9.3200000000e+00 6.2525341715498517e-01 6.5151598773432506e-01
9.4600000000e+00 6.2108783223599973e-01 6.6672668094958265e-01
9.5800000000e+00 6.1750324693978431e-01 6.8014799436654161e-01
9.7000000000e+00 6.1384900009335508e-01 6.9152647098705233e-01
9.8400000000e+00 6.0949258362197789e-01 6.9955052141056884e-01
9.9800000000e+00 6.0509237061179899e-01 6.9976492164261972e-01
1.0100000000e+01 6.0135345478960378e-01 6.9294830011455366e-01
1.0240000000e+01 5.9709832332653068e-01 6.7714839174875086e-01
1.0380000000e+01 5.9299645568319492e-01 6.5447497059102155e-01
1.0520000000e+01 5.8905134465557807e-01 6.2758263902720679e-01
1.0660000000e+01 5.8524945630505465e-01 5.9972469565445752e-01
1.0800000000e+01 5.8157909136234476e-01 5.7425138502600648e-01
1.0960000000e+01 5.7752948765856127e-01 5.5183242581362757e-01
1.1100000000e+01 5.7407291657012161e-01 5.4044867636895477e-01
1.1260000000e+01 5.7011577051815276e-01 5.3815694230103017e-01
1.1400000000e+01 5.6652291871321947e-01 5.4523151918533563e-01
1.1560000000e+01 5.6213577726584252e-01 5.6179758799486779e-01
1.1720000000e+01 5.5739540790565067e-01 5.8408447277582787e-01
1.1880000000e+01 5.5236146226055038e-01 6.0785656980415581e-01
1.2040000000e+01 5.4717569925387211e-01 6.2875810438547219e-01
1.2200000000e+01 5.4200297111213769e-01 6.4294925832178040e-01
1.2360000000e+01 5.3699968423141575e-01 6.4761973139506490e-01
1.2520000000e+01 5.3231588068463120e-01 6.4134159430238091e-01
1.2700000000e+01 5.2760563090587931e-01 6.2140222038902437e-01
1.2880000000e+01 5.2361548905699495e-01 5.9023423729260260e-01
1.3040000000e+01 5.2065372643713237e-01 5.5660138446784047e-01
1.3220000000e+01 5.1778041634815730e-01 5.1707242820998778e-01
1.3400000000e+01 5.1508045256927448e-01 4.8126046897764596e-01
1.3580000000e+01 5.1229519848105842e-01 4.5427756701898953e-01
1.3760000000e+01 5.0935534305221164e-01 4.3990305624735782e-01
1.3960000000e+01 5.0599531934429809e-01 4.4100809342449582e-01
1.4140000000e+01 5.0287463331941129e-01 4.5701556189090520e-01
1.4340000000e+01 4.9889721907726559e-01 4.8810652173162794e-01
1.4520000000e+01 4.9423366871742019e-01 5.2281328504546498e-01
1.4720000000e+01 4.8735216912314383e-01 5.6104129698862604e-01
1.4920000000e+01 4.7903656495204294e-01 5.9039706826498273e-01
1.5120000000e+01 4.7056254901673944e-01 6.0370119354725937e-01
1.5320000000e+01 4.6335129320514540e-01 5.9703828970952866e-01
1.5540000000e+01 4.5768913856574583e-01 5.6689562987022224e-01
1.5740000000e+01 4.5432345438865740e-01 5.2329994607384989e-01
1.5960000000e+01 4.5165572873587845e-01 4.6664805725349262e-01
1.6180000000e+01 4.4922540260000737e-01 4.1274750114443332e-01
1.6400000000e+01 4.4664008274875705e-01 3.7354120958343928e-01
1.6620000000e+01 4.4386208677967198e-01 3.5768548228783997e-01
1.6840000000e+01 4.4086100929122168e-01 3.6804354399100625e-01
1.7060000000e+01 4.3736536017468403e-01 4.0061528528372026e-01
1.7300000000e+01 4.3250439458804196e-01 4.4970415352169946e-01
1.7540000000e+01 4.2644387224512048e-01 4.9647309193995720e-01
1.7760000000e+01 4.2044413081002768e-01 5.2415982122105542e-01
1.8000000000e+01 4.1444995431307058e-01 5.2948783697418200e-01
1.8260000000e+01 4.0926949818913311e-01 5.0588467114439462e-01
1.8500000000e+01 4.0548669722314945e-01 4.6510660044040641e-01
1.8740000000e+01 4.0226363831022505e-01 4.1836189816790298e-01
1.9000000000e+01 3.9934349578808148e-01 3.7497535638418616e-01
1.9260000000e+01 3.9703485726119025e-01 3.4970732230957574e-01
1.9520000000e+01 3.9490464571202616e-01 3.4631146497230320e-01
1.9780000000e+01 3.9232615380181629e-01 3.6158482169366729e-01
2.0060000000e+01 3.8883952889006024e-01 3.9011434140121493e-01
2.0320000000e+01 3.8514022104537499e-01 4.1801831866083733e-01
2.0600000000e+01 3.8069872324286430e-01 4.3915591928937325e-01
2.0880000000e+01 3.7579932588054743e-01 4.4251067169422886e-01
2.1160000000e+01 3.7094686199667048e-01 4.2470490274375822e-01
2.1440000000e+01 3.6672773185380669e-01 3.9092486669621040e-01
2.1740000000e+01 3.6289804853197782e-01 3.5242463750656211e-01
2.2020000000e+01 3.5959752481454360e-01 3.3136415939913810e-01
2.2320000000e+01 3.5619362403513810e-01 3.3530834556273098e-01
2.2620000000e+01 3.5295015275402636e-01 3.6080819815155513e-01
2.2940000000e+01 3.4953164875454618e-01 3.8871118681507993e-01
2.3240000000e+01 3.4610474507741834e-01 3.9408564540949159e-01
2.3560000000e+01 3.4224904896218178e-01 3.7280641066698722e-01
2.3880000000e+01 3.3873703539048233e-01 3.4086819886919317e-01
2.4200000000e+01 3.3594642662394714e-01 3.2148983944433396e-01
2.4520000000e+01 3.3344738439826876e-01 3.2311761951454665e-01
2.4860000000e+01 3.3046578482334743e-01 3.3634834699412020e-01
2.5200000000e+01 3.2727466820436757e-01 3.4493931075248907e-01
2.5540000000e+01 3.2432353902131783e-01 3.4510606308106512e-01
2.5880000000e+01 3.2170006600688572e-01 3.4342252887286645e-01
2.6240000000e+01 3.1912583397476929e-01 3.4194878243062954e-01
2.6580000000e+01 3.1664550275806769e-01 3.3427017058900943e-01
2.6940000000e+01 3.1358709035432797e-01 3.1599258553851617e-01
2.7320000000e+01 3.0987092822955198e-01 2.9670245883621660e-01
2.7680000000e+01 3.0671780865721027e-01 2.9299799735183724e-01
2.8060000000e+01 3.0428775505764394e-01 3.0468180004585232e-01
2.8440000000e+01 3.0195934278237108e-01 3.1789846732691196e-01
2.8820000000e+01 2.9878679060355567e-01 3.2296125923997887e-01
2.9220000000e+01 2.9537272091158756e-01 3.2304764214479686e-01
2.9600000000e+01 2.9296792830392587e-01 3.2021967996991912e-01
3.0000000000e+01 2.9052270460617813e-01 3.0500632568918429e-01
3.0420000000e+01 2.8768045628646949e-01 2.7304653633791309e-01
3.0820000000e+01 2.8502361582948282e-01 2.5040973495696756e-01
3.1240000000e+01 2.8241405924142537e-01 2.6289800944298125e-01
3.1660000000e+01 2.8007557610835476e-01 3.0410441270429434e-01
3.2100000000e+01 2.7726519084794227e-01 3.3126358990258065e-01
3.2520000000e+01 2.7384325041645152e-01 3.1288677115711322e-01
3.2960000000e+01 2.7056066614745200e-01 2.6775566526030642e-01
3.3420000000e+01 2.6834342098464703e-01 2.3863360355791183e-01
3.3860000000e+01 2.6674155097529045e-01 2.4509314938242077e-01
3.4320000000e+01 2.6455570988752392e-01 2.7141740149952254e-01
3.4780000000e+01 2.6146927097794664e-01 2.9278008945784378e-01
3.5260000000e+01 2.5783575911187823e-01 2.8886188092317161e-01
3.5740000000e+01 2.5465937382707804e-01 2.5785887190309609e-01
3.6220000000e+01 2.5211628128290492e-01 2.3229271968855084e-01
3.6700000000e+01 2.5015956300395714e-01 2.4278761557441753e-01
3.7200000000e+01 2.4767611581126212e-01 2.7191686036401663e-01
3.7700000000e+01 2.4467081050880005e-01 2.7181801028225477e-01
3.8220000000e+01 2.4177410867025814e-01 2.3711339092941361e-01
3.8740000000e+01 2.3925668972960942e-01 2.1516316140898617e-01
3.9260000000e+01 2.3746769694709063e-01 2.3747761778494275e-01
3.9800000000e+01 2.3559379906959704e-01 2.7322509990839905e-01
4.0320000000e+01 2.3358973980102596e-01 2.6410326599073036e-01
4.0880000000e+01 2.3117372893224916e-01 2.1411764901336533e-01
4.1420000000e+01 2.2925093378765937e-01 1.9250769064709528e-01
4.1980000000e+01 2.2767544965092812e-01 2.2539960829570735e-01
4.2560000000e+01 2.2560891187042062e-01 2.6985228597795913e-01
4.3140000000e+01 2.2350010732495795e-01 2.5737132016141628e-01
4.3720000000e+01 2.2098002263393665e-01 1.9591540198288065e-01
4.4300000000e+01 2.1884136635732016e-01 1.8125411810030037e-01
4.4900000000e+01 2.1744290052918461e-01 2.3448279485355880e-01
4.5520000000e+01 2.1434794236747878e-01 2.5130633422838233e-01
4.6120000000e+01 2.1151140132990856e-01 2.1657091594669614e-01
4.6760000000e+01 2.1006238827527229e-01 1.9641755808843819e-01
4.7380000000e+01 2.0825614180569213e-01 1.9911734344179030e-01
4.8020000000e+01 2.0588627681399915e-01 2.1658093184391491e-01
4.8680000000e+01 2.0373154865058737e-01 2.2517955841278231e-01
4.9340000000e+01 2.0132997999870658e-01 2.0011658588682210e-01
5.0000000000e+01 1.9968401882128031e-01 1.8835353285021231e-01
5.0680000000e+01 1.9792616014891046e-01 1.9937694804322037e-01
5.1360000000e+01 1.9562289362155558e-01 2.1038161298083935e-01
5.2060000000e+01 1.9411740359899077e-01 2.1017872618430902e-01
5.2760000000e+01 1.9188495299656763e-01 1.7403891904411614e-01
5.3480000000e+01 1.9028158699598555e-01 1.8022476725997644e-01
5.4200000000e+01 1.8914034146757872e-01 2.1737673322681464e-01
5.4940000000e+01 1.8697756544020197e-01 1.9617673694532695e-01
5.5680000000e+01 1.8483322098849878e-01 1.6759130086143736e-01
5.6440000000e+01 1.8240762400692009e-01 1.7445842113846624e-01
5.7200000000e+01 1.8156509235568183e-01 2.0851663923424654e-01
5.7980000000e+01 1.7924089676316199e-01 1.8350126777456774e-01
5.8760000000e+01 1.7733467433268360e-01 1.5999480181732190e-01
5.9560000000e+01 1.7652982500881423e-01 1.8880798124718984e-01
6.0360000000e+01 1.7460604727954451e-01 1.7766021747212979e-01
6.1180000000e+01 1.7256935556029579e-01 1.6603357339201577e-01
6.2000000000e+01 1.7131312890435585e-01 1.9314966612901496e-01
6.2840000000e+01 1.6950515511995246e-01 1.6196829157643766e-01
6.3700000000e+01 1.6745707785805358e-01 1.4476413532065824e-01
6.4560000000e+01 1.6657190925066348e-01 2.0479581304629393e-01
6.5420000000e+01 1.6486782034137681e-01 1.7267410086238358e-01
6.6320000000e+01 1.6234578843296116e-01 1.2025525608505989e-01
6.7200000000e+01 1.6200985257466902e-01 1.8828790238659460e-01
6.8120000000e+01 1.5905543096584809e-01 1.8330878982953402e-01
6.9040000000e+01 1.5725637942533363e-01 1.3117002425392468e-01
6.9980000000e+01 1.5554695430103979e-01 1.4946283051409087e-01
7.0920000000e+01 1.5266850905258544e-01 1.8574512125415749e-01
7.1880000000e+01 1.5054013742209932e-01 1.4378706525003332e-01
7.2860000000e+01 1.4903106953421294e-01 1.3253684925985149e-01
7.3840000000e+01 1.4710551434907587e-01 1.6519057364633702e-01
7.4840000000e+01 1.4516961974500683e-01 1.5353716241114643e-01
7.5860000000e+01 1.4376880180093776e-01 1.3054752548254125e-01
7.6880000000e+01 1.4247216387418440e-01 1.4678788346623517e-01
7.7920000000e+01 1.4136300456820672e-01 1.5077036143594427e-01
7.8980000000e+01 1.4005941168623168e-01 1.3957635306882293e-01
8.0040000000e+01 1.3907070229587379e-01 1.2885927496450900e-01
8.1120000000e+01 1.3717090015412098e-01 1.4883944563955870e-01
8.2220000000e+01 1.3612803806919441e-01 1.4620578504852061e-01
8.3340000000e+01 1.3403951622774427e-01 1.0635659587906997e-01
8.4460000000e+01 1.3371062656321558e-01 1.6932216068118316e-01
8.5600000000e+01 1.3170534312778021e-01 1.1146350947715808e-01
8.6760000000e+01 1.3097686987142398e-01 1.3526461216060168e-01
8.7940000000e+01 1.2966394432741088e-01 1.3720139942938511e-01
8.9120000000e+01 1.2827070495636730e-01 1.2428713945907900e-01
9.0340000000e+01 1.2725074788512108e-01 1.2837537022592302e-01
9.1560000000e+01 1.2572352061330994e-01 1.2678660641463876e-01
9.2800000000e+01 1.2441959547112461e-01 1.2947759324222113e-01
9.4040000000e+01 1.2275823950339028e-01 1.1630075873083348e-01
9.5320000000e+01 1.2135167107176992e-01 1.3281855235320181e-01
9.6620000000e+01 1.2034448292611119e-01 1.0869840033063768e-01
9.7920000000e+01 1.1963161044587399e-01 1.3024503984503560e-01
9.9240000000e+01 1.1847500057545367e-01 1.1991817275020768e-01
1.0058000000e+02 1.1684809623874148e-01 1.0532830657998743e-01
1.0194000000e+02 1.1650084721908689e-01 1.3264436034632790e-01
1.0332000000e+02 1.1473535723275924e-01 1.0352339144417251e-01
1.0472000000e+02 1.1379991374775103e-01 1.2639411750069218e-01
1.0614000000e+02 1.1240496937740130e-01 1.0443284141758077e-01
1.0758000000e+02 1.1174074702340919e-01 1.1459835509062746e-01
1.0904000000e+02 1.1083591999702253e-01 1.1649853251243680e-01
1.1052000000e+02 1.0948416928628939e-01 9.9866535792053873e-02
1.1200000000e+02 1.0903245311401227e-01 1.2218486779839813e-01
1.1352000000e+02 1.0723509826325332e-01 9.4334478524433649e-02
1.1506000000e+02 1.0677613452016350e-01 1.1371998064586128e-01
1.1662000000e+02 1.0558840934238077e-01 1.0657197370583320e-01
1.1820000000e+02 1.0477730778008204e-01 1.1054289487601432e-01
1.1980000000e+02 1.0354285676222519e-01 1.0042665701791553e-01
1.2142000000e+02 1.0283684544460039e-01 1.0874664831770199e-01
1.2306000000e+02 1.0148513432690932e-01 1.0228725929356744e-01
1.2472000000e+02 1.0059353086313159e-01 9.2393422253649798e-02
1.2642000000e+02 9.9980572638849213e-02 1.1114325574662501e-01
1.2812000000e+02 9.8632802556859620e-02 8.8810988085878340e-02
1.2986000000e+02 9.8032190206869610e-02 9.3518265294973243e-02
1.3162000000e+02 9.7657248404560415e-02 1.0910430137938451e-01
1.3340000000e+02 9.6254047952251606e-02 9.6370504894658912e-02
1.3520000000e+02 9.5006944192428375e-02 8.0615099151788619e-02
1.3702000000e+02 9.4084210252273884e-02 1.1055889639215434e-01
1.3888000000e+02 9.2921085101113243e-02 8.6117783949316060e-02
1.4076000000e+02 9.2183470195792844e-02 9.5810320407658911e-02
1.4266000000e+02 9.1179223083090372e-02 8.7836680626531549e-02
1.4460000000e+02 9.0247961540462857e-02 8.9079517577859799e-02
1.4656000000e+02 8.9565208768662419e-02 8.3495068805213818e-02
1.4854000000e+02 8.9033775025378362e-02 1.0280654698819224e-01
1.5054000000e+02 8.7815889432339034e-02 8.7434452278095570e-02
1.5258000000e+02 8.6655713846035667e-02 6.9594679143208382e-02
1.5466000000e+02 8.6123721350220589e-02 8.8825482908173201e-02
1.5674000000e+02 8.5536632272603649e-02 8.9376691482797740e-02
1.5886000000e+02 8.4925961715597298e-02 9.4768881966638546e-02
1.6102000000e+02 8.3917088488762712e-02 8.4632719448093863e-02
1.6320000000e+02 8.2903341245163339e-02 7.2621738012029938e-02
1.6540000000e+02 8.2392644542790369e-02 8.5588890058247880e-02
1.6764000000e+02 8.1679945526388242e-02 8.6862581174575584e-02
1.6990000000e+02 8.0426166801920038e-02 7.6047932091375475e-02
1.7220000000e+02 7.9347086888418406e-02 6.7583507749317970e-02
1.7454000000e+02 7.8900693295592905e-02 6.4530006466129650e-02
1.7690000000e+02 7.8601111416081865e-02 7.6076775654567774e-02
1.7930000000e+02 7.8051427825221439e-02 8.5785540023715787e-02
1.8172000000e+02 7.7248564221840135e-02 7.9115427302788061e-02
1.8418000000e+02 7.6722024480891826e-02 7.7603295251349735e-02
1.8668000000e+02 7.5899416843899975e-02 8.1798168762089077e-02
1.8920000000e+02 7.5112551040138226e-02 7.9535359845019346e-02
1.9176000000e+02 7.4346488300083252e-02 6.6591207525994359e-02
1.9436000000e+02 7.3488592399923960e-02 5.7633382838860568e-02
1.9698000000e+02 7.3087197578178470e-02 6.1851666995530644e-02
1.9966000000e+02 7.2254366334685988e-02 6.1623112044555749e-02
2.0236000000e+02 7.1589900429911382e-02 6.4547909819592866e-02
2.0510000000e+02 7.0820641653255176e-02 6.6755146700336665e-02
2.0786000000e+02 7.0401702706752264e-02 7.1072405333174021e-02
2.1068000000e+02 6.9640304828098465e-02 6.4919364045921524e-02
2.1354000000e+02 6.9220824002783884e-02 6.3039627639637358e-02
2.1642000000e+02 6.8418072463112475e-02 5.7939944475729407e-02
2.1934000000e+02 6.7885622401306620e-02 5.8459298811540571e-02
2.2232000000e+02 6.7296356157414555e-02 6.8392036595203015e-02
2.2532000000e+02 6.6898645036998924e-02 7.7419133346343524e-02
2.2838000000e+02 6.6297040486932107e-02 7.7062334072672281e-02
2.3146000000e+02 6.5515349493309866e-02 6.9493462491741043e-02
2.3460000000e+02 6.4573331833255782e-02 6.1246797184653340e-02
2.3778000000e+02 6.4013279047053229e-02 6.1172877627781654e-02
2.4100000000e+02 6.3255407599172087e-02 5.0553777636297238e-02
2.4426000000e+02 6.2422597895005288e-02 4.5980764666171119e-02
2.4756000000e+02 6.2158881335387134e-02 5.7823451827554703e-02
2.5090000000e+02 6.1727280938570418e-02 6.0974513466552811e-02
2.5430000000e+02 6.0915695619094178e-02 5.4993773440717306e-02
2.5774000000e+02 6.0511202912102963e-02 5.9475625984813422e-02
2.6124000000e+02 5.9816457367460538e-02 5.6363980852183540e-02
2.6478000000e+02 5.9631670337685169e-02 7.0462147493157420e-02
2.6836000000e+02 5.8976554787420296e-02 5.8939158809167343e-02
2.7198000000e+02 5.8239055979151404e-02 5.4640226629089350e-02
2.7566000000e+02 5.8105934377515003e-02 6.3387869626463852e-02
2.7940000000e+02 5.7541386462124408e-02 5.9229195759426596e-02
2.8318000000e+02 5.6852848748033265e-02 5.0956548638405610e-02
2.8700000000e+02 5.6467197665224400e-02 5.9282944404655369e-02
2.9090000000e+02 5.5639117489774827e-02 4.5929802659283939e-02
2.9484000000e+02 5.5606088500342959e-02 6.6765582364047893e-02
2.9882000000e+02 5.4947934702938531e-02 5.7166968462645018e-02
3.0286000000e+02 5.4319134195156590e-02 5.1046946938256274e-02
3.0696000000e+02 5.4163270653134435e-02 5.6359983324408613e-02
3.1112000000e+02 5.3352270368384185e-02 4.7699354974216575e-02
3.1532000000e+02 5.3204283238807840e-02 5.1802169294041377e-02
3.1960000000e+02 5.2687588543043867e-02 5.8777148732708874e-02
3.2392000000e+02 5.2180906394734966e-02 5.1960075830626715e-02
3.2830000000e+02 5.1511428073549886e-02 4.5236646876007341e-02
3.3274000000e+02 5.1248204841651795e-02 4.7587020704361604e-02
3.3726000000e+02 5.1044546561368948e-02 5.7188862072471189e-02
3.4182000000e+02 5.0491341900699371e-02 5.1644008845078554e-02
3.4644000000e+02 4.9949519513748805e-02 4.8778529218037894e-02
3.5112000000e+02 4.9785958446291162e-02 5.7185679113876661e-02
3.5588000000e+02 4.8967278586650301e-02 4.7458060108041857e-02
3.6070000000e+02 4.8450848739745388e-02 4.4162912753118219e-02
3.6558000000e+02 4.8080607783339620e-02 4.0770213113145229e-02
3.7052000000e+02 4.7963586798665386e-02 5.1064117760681496e-02
3.7554000000e+02 4.7349841395031275e-02 4.7361100680006332e-02
3.8062000000e+02 4.7025946999376116e-02 4.3640533912013571e-02
3.8578000000e+02 4.6667827451425684e-02 4.9035916762711899e-02
3.9100000000e+02 4.6185771459953270e-02 3.8973614959997432e-02
3.9628000000e+02 4.5904544253125033e-02 5.1143201493223406e-02
4.0164000000e+02 4.5335995619893835e-02 3.9865982835345024e-02
4.0708000000e+02 4.4950329864830545e-02 4.5820734596853444e-02
4.1260000000e+02 4.4458475913946902e-02 4.0798154572616818e-02
4.1818000000e+02 4.4146987090329236e-02 4.1089317330118995e-02
4.2384000000e+02 4.3950467247546622e-02 4.5484203963231017e-02
4.2958000000e+02 4.3462844836240716e-02 4.1568495252894591e-02
4.3538000000e+02 4.3030992940897642e-02 4.2682443038039468e-02
4.4128000000e+02 4.2647995550647778e-02 3.8281282379643268e-02
4.4726000000e+02 4.2226841781797711e-02 3.7340338255383618e-02
4.5330000000e+02 4.2352575988458749e-02 5.0145723530260963e-02
4.5944000000e+02 4.1769710199752209e-02 4.1916684343142260e-02
4.6566000000e+02 4.1374097300441330e-02 3.8625563269983454e-02
4.7196000000e+02 4.0937748610060214e-02 3.4910304829129650e-02
4.7834000000e+02 4.0899897629429138e-02 4.3777920879319102e-02
4.8482000000e+02 4.0532975508543859e-02 4.2038031046623903e-02
4.9138000000e+02 4.0007784735844064e-02 3.9810038277628579e-02
4.9804000000e+02 3.9965251765447511e-02 4.9601220760375687e-02
5.0478000000e+02 3.9427531621606990e-02 4.3435084173224239e-02
5.1160000000e+02 3.9105941902735718e-02 4.3091148490904854e-02
5.1852000000e+02 3.8554567767735894e-02 3.1213652893617432e-02
5.2554000000e+02 3.8458833945465683e-02 3.9265396754888708e-02
5.3266000000e+02 3.8049825301990518e-02 3.4843028086075610e-02
5.3986000000e+02 3.7952274634320993e-02 4.1819266495619026e-02
5.4718000000e+02 3.7566631680786416e-02 4.5707895566941541e-02
5.5458000000e+02 3.7257845550949666e-02 4.1420008431911744e-02
5.6208000000e+02 3.6989617085518699e-02 3.7620738947331714e-02
5.6968000000e+02 3.6522877688577100e-02 3.8288848579272963e-02
5.7740000000e+02 3.6180688661419977e-02 3.6036944481912629e-02
5.8522000000e+02 3.5822967163598160e-02 3.2487031897768241e-02
5.9314000000e+02 3.5499064508377490e-02 3.0407923121843733e-02
6.0116000000e+02 3.5418283495548153e-02 3.6770795685499201e-02
6.0930000000e+02 3.5187823053310613e-02 3.8316772592983349e-02
6.1754000000e+02 3.4708200423386674e-02 3.3900950773471335e-02
6.2590000000e+02 3.4566036920793297e-02 3.8146691479419889e-02
6.3436000000e+02 3.4187968622398306e-02 3.3706552412665652e-02
6.4296000000e+02 3.3815856977800214e-02 2.9563917701948425e-02
6.5166000000e+02 3.3665282008855345e-02 3.4429131550233284e-02
6.6048000000e+02 3.3310384535100303e-02 3.0122474238830042e-02
6.6942000000e+02 3.3149480130005037e-02 3.5936256529293900e-02
6.7848000000e+02 3.2947662239278939e-02 3.8918848872400366e-02
6.8766000000e+02 3.2493966453699237e-02 3.1269116294123787e-02
6.9696000000e+02 3.2136926338374699e-02 2.7900404419831555e-02
7.0640000000e+02 3.2020409666716598e-02 2.8401694595714028e-02
7.1596000000e+02 3.1767301016095574e-02 3.1564702743801985e-02
7.2564000000e+02 3.1648429239034936e-02 3.7308721521078968e-02
7.3546000000e+02 3.1343248569876317e-02 3.4774421315613091e-02
7.4542000000e+02 3.1095971057894987e-02 3.1344751360903082e-02
7.5550000000e+02 3.0830471662382411e-02 3.1528356519352721e-02
7.6574000000e+02 3.0357949473236633e-02 2.5367628152671060e-02
7.7610000000e+02 3.0189113219111025e-02 2.8375984876596545e-02
7.8660000000e+02 3.0045910772537845e-02 3.2675332383568248e-02
7.9724000000e+02 2.9805963656022626e-02 3.3424993971431019e-02
8.0804000000e+02 2.9324410312036649e-02 2.3796455680174449e-02
8.1896000000e+02 2.9130791813059807e-02 2.9743409806340479e-02
8.3006000000e+02 2.8971493053362593e-02 2.9544345242525319e-02
8.4128000000e+02 2.8744795155854874e-02 2.9873037142526350e-02
8.5266000000e+02 2.8558768313592203e-02 3.1354508538982133e-02
8.6420000000e+02 2.8410555570153758e-02 2.8678429542880548e-02
8.7590000000e+02 2.8086557048039959e-02 3.1648279571509029e-02
8.8776000000e+02 2.7724675634587664e-02 2.5248756699584013e-02
8.9978000000e+02 2.7494035091838086e-02 2.6696254899217051e-02
9.1196000000e+02 2.7378813196420115e-02 2.5022778658543895e-02
9.2430000000e+02 2.7097267160223117e-02 2.5702344854703237e-02
9.3680000000e+02 2.6851593371686036e-02 2.3915518142341927e-02
9.4948000000e+02 2.6610380320812282e-02 2.4108460242234980e-02
9.6232000000e+02 2.6400243046875604e-02 2.1047723815945538e-02
9.7536000000e+02 2.6455206145170999e-02 2.7930791323746814e-02
9.8856000000e+02 2.6172562112414588e-02 2.6665904107878217e-02
1.0019400000e+03 2.5842638041293678e-02 2.4040709209154101e-02
1.0155000000e+03 2.5614701873393608e-02 2.1897800329077469e-02
1.0292400000e+03 2.5477787845865085e-02 2.3725325331084495e-02
1.0431600000e+03 2.5121055196966786e-02 2.0223518420005832e-02
1.0572800000e+03 2.5034908096153319e-02 2.3756038973126985e-02
1.0716000000e+03 2.4927342051552843e-02 2.8617799922801938e-02
1.0861000000e+03 2.4771258049800845e-02 2.7433964953350827e-02
1.1008000000e+03 2.4481974210995312e-02 2.3613040484989183e-02
1.1156800000e+03 2.4315371012710394e-02 2.6518397915098215e-02
1.1307800000e+03 2.4091818433653767e-02 2.5042146327981758e-02
1.1461000000e+03 2.3946151430219057e-02 2.5045168702556939e-02
1.1616000000e+03 2.3714607449055451e-02 2.2432468283408478e-02
1.1773200000e+03 2.3549662428567503e-02 2.5687894149480830e-02
1.1932600000e+03 2.3309312382029941e-02 2.2305176425902823e-02
1.2094000000e+03 2.3119810283804325e-02 2.2548998271808882e-02
1.2257800000e+03 2.2926694864213417e-02 2.1056673924613814e-02
1.2423600000e+03 2.2765276677872221e-02 2.1249548225936856e-02
1.2591800000e+03 2.2599982929017135e-02 2.3459655621213032e-02
1.2762200000e+03 2.2438947638864195e-02 2.2904542972495570e-02
1.2935000000e+03 2.2282225967371894e-02 2.4150803503922333e-02
1.3110000000e+03 2.2156547115839587e-02 2.2421134889749929e-02
1.3287400000e+03 2.1950949319080086e-02 2.2622101951519438e-02
1.3467200000e+03 2.1859073053008753e-02 2.4500438689837922e-02
1.3649400000e+03 2.1455586082448550e-02 1.7326466643587661e-02
1.3834200000e+03 2.1452714394330132e-02 2.3291729794653760e-02
1.4021400000e+03 2.1197693043413155e-02 2.0107879935332213e-02
1.4211200000e+03 2.1140638066430469e-02 2.2678293554961870e-02
1.4403600000e+03 2.1007513616130569e-02 2.6034541089245342e-02
1.4598400000e+03 2.0758607388043627e-02 2.2269148146001526e-02
1.4796000000e+03 2.0658146079873124e-02 2.3211991562017018e-02
1.4996200000e+03 2.0562711148786543e-02 2.4926745056244631e-02
1.5199200000e+03 2.0266450571535227e-02 1.7811748280867536e-02
1.5405000000e+03 2.0033750817393767e-02 1.8282193579177809e-02
1.5613400000e+03 1.9954152999717617e-02 2.0988122531553317e-02
1.5824800000e+03 1.9779724236268892e-02 1.8684543468777241e-02
1.6038800000e+03 1.9627978152032675e-02 1.9222330891584916e-02
1.6256000000e+03 1.9483520589433270e-02 1.9193288498710999e-02
1.6476000000e+03 1.9303129459193696e-02 1.7488493429012847e-02
1.6699000000e+03 1.9183523730300082e-02 1.8308508960127558e-02
1.6925000000e+03 1.9072617658730674e-02 2.1828967030586566e-02
1.7154000000e+03 1.8966207095791457e-02 2.1495763285569357e-02
1.7386200000e+03 1.8685714902101080e-02 1.6917195202365419e-02
1.7621400000e+03 1.8647925428824635e-02 2.1355435306682716e-02
1.7859800000e+03 1.8400594852756202e-02 1.6639075075180067e-02
1.8101600000e+03 1.8275894118669346e-02 1.7253928157901083e-02
1.8346600000e+03 1.8208752627756512e-02 1.7999545983272268e-02
1.8594800000e+03 1.7973251038328430e-02 1.6522819807254247e-02
1.8846600000e+03 1.7916836260903454e-02 1.8335936841255805e-02
1.9101600000e+03 1.7854441867259620e-02 2.0635464751064508e-02
1.9360200000e+03 1.7586682978002238e-02 1.4893296766995093e-02
1.9622200000e+03 1.7583656679656837e-02 2.1128680201992593e-02
1.9887600000e+03 1.7334918039545573e-02 1.6211918005113870e-02
2.0156800000e+03 1.7213672992596026e-02 1.6020963887656867e-02
2.0429600000e+03 1.7072262523199065e-02 1.7118236718005386e-02
2.0706200000e+03 1.6998177211583972e-02 1.9961221832633387e-02
2.0986400000e+03 1.6929183434977384e-02 2.0542774651724674e-02
2.1270400000e+03 1.6687207576577413e-02 1.5408835089714941e-02
2.1558200000e+03 1.6634204569806962e-02 1.7981972571293824e-02
2.1850000000e+03 1.6512881440986112e-02 1.7707422351100448e-02
2.2145800000e+03 1.6403996692984077e-02 1.9336356639131157e-02
2.2445400000e+03 1.6185128459239740e-02 1.5461846397473604e-02
2.2749200000e+03 1.6035610191300700e-02 1.2482153762791300e-02
2.3057000000e+03 1.5912824240662274e-02 1.4977221194034973e-02
2.3369200000e+03 1.5895622267507285e-02 1.8257837786137727e-02
2.3685400000e+03 1.5741165234969250e-02 1.5077292107559684e-02
2.4006000000e+03 1.5643815621285070e-02 1.7225810214275456e-02
2.4330800000e+03 1.5429504643613954e-02 1.1985948490482592e-02
2.4660200000e+03 1.5264795014425120e-02 1.1481079612942924e-02
2.4993800000e+03 1.5237421622664929e-02 1.3097455428604809e-02
2.5332200000e+03 1.5162827028171318e-02 1.6047534269968227e-02
2.5675000000e+03 1.5017574739208299e-02 1.4412097001786143e-02
2.6022400000e+03 1.4866695128871787e-02 1.4822287593687609e-02
2.6374600000e+03 1.4787667641144114e-02 1.4301650420408945e-02
2.6731600000e+03 1.4713078000142288e-02 1.5799252997085816e-02
2.7093400000e+03 1.4601301728056402e-02 1.5047826791794448e-02
2.7460000000e+03 1.4410626104502118e-02 1.3136152426372574e-02
2.7831600000e+03 1.4340971684338439e-02 1.4784898819124332e-02
2.8208200000e+03 1.4272490342623682e-02 1.4316648748772328e-02
2.8590000000e+03 1.4169500711468584e-02 1.3853065818924530e-02
2.8977000000e+03 1.4167142448658878e-02 1.8651748058761495e-02
2.9369200000e+03 1.3961600950816548e-02 1.4344036638264326e-02
2.9766600000e+03 1.3843643838060532e-02 1.3219744848178765e-02
3.0169400000e+03 1.3803939802419590e-02 1.4247113091672901e-02
3.0577800000e+03 1.3597324296888992e-02 1.3517914039102050e-02
3.0991600000e+03 1.3475728665735019e-02 1.2061195480452423e-02
3.1411000000e+03 1.3431198895016842e-02 1.3219503876402824e-02
3.1836200000e+03 1.3360097943161956e-02 1.4800028536776508e-02
3.2267000000e+03 1.3232443442111164e-02 1.4127402412058808e-02
3.2703600000e+03 1.3066389689110919e-02 1.0606456210246912e-02
3.3146200000e+03 1.3023116713047104e-02 1.2927266005245687e-02
3.3594800000e+03 1.2893189200679712e-02 1.1765319614089564e-02
3.4049600000e+03 1.2900060997530976e-02 1.4874332057903748e-02
3.4510400000e+03 1.2699341670865005e-02 1.1082154306327432e-02
3.4977400000e+03 1.2578390881566931e-02 9.6666421933581884e-03
3.5450800000e+03 1.2529500707318014e-02 1.1729639766701831e-02
3.5930600000e+03 1.2489921422157862e-02 1.4161518506240985e-02
3.6416800000e+03 1.2336192955951685e-02 1.0188840005458897e-02
3.6909600000e+03 1.2287397691136867e-02 1.2501711589199037e-02
3.7409200000e+03 1.2275561708950557e-02 1.5514380375146471e-02
3.7915600000e+03 1.2085828772146706e-02 1.0638868763896322e-02
3.8428600000e+03 1.2058324239130929e-02 1.4156307666966531e-02
3.8948800000e+03 1.1914338644188113e-02 1.2240837382032710e-02
3.9475800000e+03 1.1759649166017598e-02 9.6743295314516680e-03
4.0010000000e+03 1.1797843889861357e-02 1.3249731872023484e-02
4.0551600000e+03 1.1646209116919670e-02 1.0943606863994138e-02
4.1100400000e+03 1.1637626092630199e-02 1.3082007038570759e-02
4.1656600000e+03 1.1496341874833699e-02 1.0870925474544990e-02
4.2220400000e+03 1.1359739711340860e-02 8.5107640154425158e-03
4.2791800000e+03 1.1331146954421754e-02 1.1268278082768424e-02
4.3371000000e+03 1.1241072239023502e-02 1.1496013844554429e-02
4.3957800000e+03 1.1150950921677939e-02 1.1498662773035842e-02
4.4552800000e+03 1.1024921769393226e-02 9.6622807762401040e-03
4.5155800000e+03 1.1028594013640584e-02 1.2290809831416144e-02
4.5766800000e+03 1.0904634122696637e-02 1.0148824057101952e-02
4.6386200000e+03 1.0817243812490787e-02 1.0002005584503064e-02
4.7014000000e+03 1.0806964433151624e-02 1.1650101224426185e-02
4.7650400000e+03 1.0702121386364985e-02 1.1744542041566370e-02
4.8295200000e+03 1.0579659875793502e-02 9.4747379504789564e-03
4.8948800000e+03 1.0551226734794084e-02 1.0763218282022972e-02
4.9611200000e+03 1.0478897167278633e-02 1.0725369898577686e-02
5.0282800000e+03 1.0394024113621298e-02 1.0945656871525718e-02
5.0963200000e+03 1.0243162623286488e-02 9.9107826407669620e-03
5.1653000000e+03 1.0157270061895377e-02 8.3273804692501289e-03
5.2352000000e+03 1.0155304287580510e-02 1.1036745012295780e-02
5.3060600000e+03 1.0058154949363306e-02 9.4818824830829648e-03
5.3778600000e+03 9.9686602065312234e-03 8.9892960898076361e-03
5.4506400000e+03 9.9589246764371399e-03 1.0474069215794021e-02
5.5244200000e+03 9.8743828521275830e-03 1.1526461806269046e-02
5.5991800000e+03 9.7974825762954607e-03 1.0740476836166135e-02
5.6749600000e+03 9.7293297395311257e-03 1.0947775127536476e-02
5.7517600000e+03 9.6231015162741140e-03 1.0267556967067958e-02
5.8296000000e+03 9.6373033614218142e-03 1.1742609366617836e-02
5.9085000000e+03 9.5134457762922064e-03 9.8117070988866760e-03
5.9884600000e+03 9.3955012028227834e-03 7.5279868672268550e-03
6.0695000000e+03 9.3588329242140812e-03 8.5573291965397834e-03
6.1516400000e+03 9.3408787838667462e-03 1.1065840145936293e-02
6.2349000000e+03 9.2539660364180168e-03 1.0608567023178779e-02
6.3192800000e+03 9.1768050976697921e-03 9.5865823703355432e-03
6.4048000000e+03 9.0675397177304717e-03 7.4589789270031103e-03
6.4914800000e+03 8.9885927662059547e-03 8.1969250463311237e-03
6.5793400001e+03 8.9831927666056497e-03 8.8203586165462727e-03
6.6683800001e+03 8.8909444013540173e-03 8.7657398568405688e-03
6.7586400001e+03 8.8280337904696506e-03 8.9398401360297839e-03
6.8501000001e+03 8.7579301123379347e-03 9.3201540492603516e-03
6.9428000001e+03 8.7256353055104267e-03 9.0303870665512653e-03
7.0367800001e+03 8.6672472541506704e-03 9.9426363746675100e-03
7.1320000001e+03 8.5680115911727049e-03 8.8862291481590656e-03
7.2285200001e+03 8.4886426324374212e-03 7.6921376797268442e-03
7.3263600001e+03 8.4668066101936303e-03 8.5618321399795558e-03
7.4255000001e+03 8.4299225909742880e-03 8.6300602228927235e-03
7.5260000001e+03 8.2966684346723989e-03 7.1496140613496921e-03
7.6278600001e+03 8.2900284125066465e-03 9.3091613266601085e-03
7.7311000001e+03 8.1879271874799632e-03 7.0966563154921418e-03
7.8357200001e+03 8.1827081206392923e-03 9.1880790538901615e-03
7.9417600001e+03 8.0854117826919657e-03 7.6174448662545569e-03
8.0492400001e+03 8.0734523564112582e-03 9.0047606398193595e-03
8.1581800001e+03 7.9693801055068098e-03 7.2981399769253977e-03
8.2686000001e+03 7.9440984567168554e-03 8.2075073847123585e-03
8.3805000001e+03 7.8700001501428567e-03 7.5701958405613853e-03
8.4939200001e+03 7.8187218625223789e-03 8.0186374481975159e-03
8.6088800001e+03 7.7236401950279100e-03 7.6176035540499237e-03
8.7253800001e+03 7.6596571363144886e-03 6.9824309808036149e-03
8.8434600001e+03 7.6282996418526620e-03 6.9189996591716837e-03
8.9631600001e+03 7.5578619260825682e-03 6.8234182551423659e-03
9.0844600001e+03 7.4990233279072062e-03 6.5083294129668848e-03
9.2074000001e+03 7.4601110546141745e-03 6.6677097316419354e-03
9.3320200001e+03 7.4139923809824222e-03 7.1912071370375790e-03
9.4583200001e+03 7.3677362657591323e-03 7.9036159006776550e-03
9.5863200001e+03 7.3144838327903437e-03 7.3490362514377038e-03
9.7160600001e+03 7.2933613180519320e-03 8.4812076668119209e-03
9.8475600001e+03 7.2337391412123607e-03 7.4376529285543136e-03
9.9808200001e+03 7.1618168334741678e-03 6.6996915084845607e-03
1.0115900000e+04 7.1033834949293028e-03 7.4384633919870134e-03
1.0252800000e+04 7.0576136291088682e-03 6.4970856505035743e-03
1.0391560000e+04 7.0066898228946326e-03 7.3590683315053335e-03
1.0532200000e+04 6.9608654951447500e-03 7.7353722940386692e-03
1.0674740000e+04 6.8833701510304943e-03 5.7422973818346285e-03
1.0819220000e+04 6.8696884964716872e-03 7.3669593378736034e-03
1.0965640000e+04 6.8154029310424653e-03 6.9461943642039996e-03
1.1114040000e+04 6.8070564273302559e-03 8.6950885792210896e-03
1.1264460000e+04 6.7292270841775382e-03 7.7534212199110763e-03
1.1416900000e+04 6.6826134563152794e-03 6.6105787451493170e-03
1.1571420000e+04 6.6134725335827349e-03 6.5475983746677742e-03
1.1728020000e+04 6.6201995339087516e-03 8.0125265202913160e-03
1.1886740000e+04 6.5198667033501577e-03 5.8967052624279591e-03
1.2047620000e+04 6.4591865282300209e-03 5.3363947560951851e-03
1.2210660000e+04 6.4494148387297034e-03 7.0366195550021562e-03
1.2375920000e+04 6.3792886693780403e-03 6.4091620575214229e-03
1.2543420000e+04 6.3548364335017085e-03 6.6330224967438046e-03
1.2713180000e+04 6.3062149383982810e-03 6.1269320012906289e-03
1.2885220000e+04 6.2473186582088780e-03 5.7840407962401353e-03
1.3059620000e+04 6.2050725952231952e-03 5.5526400984093390e-03
1.3236360000e+04 6.1747906390797764e-03 6.7460840900725964e-03
1.3415500000e+04 6.1368442240346335e-03 6.2515551844120080e-03
1.3597060000e+04 6.0732843165140693e-03 5.9249631086023824e-03
1.3781080000e+04 6.0507882306691128e-03 5.9729963077474746e-03
1.3967580000e+04 5.9808979513659511e-03 5.4598076538992998e-03
1.4156620000e+04 5.9262204211626111e-03 5.4190824626072645e-03
1.4348200000e+04 5.9174508701429112e-03 5.8727763115605019e-03
1.4542400000e+04 5.8584389344860325e-03 5.9171188843201196e-03
1.4739200000e+04 5.8150927813425393e-03 5.3220824318035093e-03
1.4938680000e+04 5.8058900774197479e-03 6.6916848267289074e-03
1.5140860000e+04 5.7131645031145680e-03 4.7042848984231592e-03
1.5345760000e+04 5.7008087008128009e-03 5.3598822284036214e-03
1.5553460000e+04 5.6727288484959525e-03 5.6401262669206927e-03
1.5763940000e+04 5.6040968455072105e-03 5.1240920297219049e-03
1.5977300000e+04 5.5766411089125199e-03 5.1669454256356873e-03
1.6193520000e+04 5.5649315928350289e-03 6.1830118742538902e-03
1.6412680000e+04 5.4896726027279154e-03 5.6611025956831481e-03
1.6634800000e+04 5.4657487362902192e-03 5.5699827299579606e-03
1.6859940000e+04 5.4226567019755468e-03 5.0943988722983603e-03
1.7088120000e+04 5.3870453463999548e-03 5.3056441544776598e-03
1.7319380000e+04 5.3597815015349083e-03 5.4888941557217743e-03
1.7553780000e+04 5.3280346428088180e-03 5.9621880687954348e-03
1.7791340000e+04 5.2783443662511049e-03 5.4823061034386771e-03
1.8032120000e+04 5.2269417299609508e-03 4.2859856202699751e-03
1.8276160000e+04 5.1892115878594772e-03 5.2674625200889481e-03
1.8523520000e+04 5.1535447347684730e-03 5.2308769809384283e-03
1.8774200000e+04 5.1483958192467252e-03 5.2898241585472711e-03
1.9028280000e+04 5.0892098094430386e-03 5.3338904925819995e-03
1.9285820000e+04 5.0590391693611054e-03 5.0118647933596432e-03
1.9546820000e+04 5.0023315071693036e-03 4.2225833643262508e-03
1.9811360000e+04 4.9869383105476880e-03 4.8687528930728002e-03
2.0079480000e+04 4.9358397591939681e-03 4.6531723493082539e-03
2.0351240000e+04 4.9108869928193351e-03 4.7427491766352413e-03
2.0626660000e+04 4.8989421241975211e-03 5.8716378221050332e-03
2.0905820000e+04 4.8224813676148465e-03 4.0568816141111561e-03
2.1188740000e+04 4.8325654323652630e-03 4.8650047880058906e-03
2.1475520000e+04 4.7935569120270841e-03 5.3958002157901697e-03
2.1766160000e+04 4.7324273283916897e-03 4.0065597450233978e-03
2.2060740000e+04 4.6978331073427746e-03 4.0446871459841613e-03
2.2359300000e+04 4.6878878335007172e-03 4.3564722616810441e-03
2.2661900000e+04 4.6440762691631566e-03 4.2348007863315176e-03
2.2968600000e+04 4.6042500287268263e-03 4.1427045010789939e-03
2.3279440000e+04 4.6194096986195169e-03 5.5686324520337477e-03
2.3594500000e+04 4.5517527100932785e-03 4.5690565669667385e-03
2.3913820000e+04 4.5089684924518375e-03 4.0896750618465757e-03
2.4237460000e+04 4.4844030533516656e-03 3.9708164758283353e-03
2.4565500000e+04 4.4534338972432204e-03 4.1262278341416833e-03
2.4897960000e+04 4.4341339728578124e-03 4.3545453651891415e-03
2.5234920000e+04 4.3854140441878658e-03 4.0246418991987049e-03
2.5576440000e+04 4.3584166723967350e-03 4.1054532177474670e-03
2.5922580000e+04 4.3275942640345249e-03 4.1444001978316047e-03
2.6273400000e+04 4.3291890794027628e-03 5.1468203784724217e-03
2.6628980000e+04 4.2738185788243083e-03 4.1782775368837174e-03
2.6989380000e+04 4.2388290713317829e-03 4.0038747518337829e-03
2.7354640001e+04 4.2344979186878543e-03 4.7819098185242510e-03
2.7724860001e+04 4.1926374304972766e-03 4.3302698821276108e-03
2.8100080001e+04 4.1408546355849937e-03 3.7080218118769950e-03
2.8480360001e+04 4.1460986219712228e-03 4.5272301340269043e-03
2.8865820001e+04 4.1010198269581053e-03 4.4154773265918197e-03
2.9256480001e+04 4.0674377243882422e-03 3.9840092599716962e-03
2.9652420001e+04 4.0574560756065090e-03 4.2791480962090312e-03
3.0053740001e+04 4.0291480070986461e-03 4.2313060153066785e-03
3.0460460001e+04 3.9631932860909507e-03 3.1855909980276148e-03
3.0872720001e+04 3.9862540522818835e-03 4.6812319509653491e-03
3.1290540001e+04 3.9423375607118083e-03 4.1474804417738209e-03
3.1714020001e+04 3.9072815709360756e-03 3.2796452601308581e-03
3.2143220001e+04 3.8924421719439242e-03 4.7073436361400886e-03
3.2578240001e+04 3.8348697128049473e-03 3.4870352077809390e-03
3.3019140001e+04 3.8298478028399637e-03 4.5854480027580141e-03
3.3466020001e+04 3.8123163988156650e-03 4.4091196868819189e-03
3.3918940000e+04 3.7824412744244750e-03 4.3255720037540021e-03
3.4377980000e+04 3.7480600170467231e-03 4.0974245963597278e-03
3.4843240000e+04 3.7200829520333480e-03 3.6298398994826725e-03
3.5314800000e+04 3.6773052875536697e-03 2.9055644042680997e-03
3.5792740000e+04 3.6624917611793664e-03 3.9724805584469289e-03
3.6277140000e+04 3.6330895830355694e-03 3.1808733808326201e-03
3.6768120000e+04 3.6267487322006104e-03 3.7207427798300386e-03
3.7265720000e+04 3.5799340908151851e-03 3.1300811139470734e-03
3.7770060000e+04 3.5781783350875927e-03 3.6870516201805213e-03
3.8281240000e+04 3.5402871621193549e-03 3.4588041526120846e-03
3.8799320000e+04 3.5158742629909289e-03 3.2377676728608416e-03
3.9324420000e+04 3.4892829437173870e-03 3.3997914914976122e-03
3.9856619999e+04 3.4672188357095786e-03 3.2104873104362606e-03
4.0396039999e+04 3.4609529409242376e-03 4.0312581612604844e-03
4.0942739999e+04 3.4270938989919325e-03 3.6399927488985654e-03
4.1496839999e+04 3.3954455457363788e-03 3.2989781326647587e-03
4.2058459999e+04 3.3772759077072365e-03 3.4126213399552439e-03
4.2627659999e+04 3.3493301347588987e-03 3.0793215602134762e-03
4.3204579999e+04 3.3201805573463612e-03 2.9640345236819198e-03
4.3789299999e+04 3.3130889895568718e-03 3.6984052226925884e-03
4.4381919999e+04 3.2771977115392068e-03 2.9833976580464121e-03
4.4982579999e+04 3.2718080192523451e-03 3.5324864109769361e-03
4.5591359999e+04 3.2347130599996352e-03 3.0923771217341743e-03
4.6208379998e+04 3.2181844876419024e-03 3.4585720373234772e-03
4.6833739998e+04 3.1842316230809528e-03 2.5799013103382168e-03
4.7467579998e+04 3.1742491357020109e-03 3.1908151752563082e-03
4.8109999998e+04 3.1489658291352623e-03 2.8924708896312114e-03
4.8761099998e+04 3.1188733554870225e-03 2.5047576557837362e-03
4.9421019998e+04 3.1164647067413891e-03 3.4275427841590966e-03
5.0089859998e+04 3.0859909381317466e-03 3.1376034236925187e-03
5.0767759998e+04 3.0527029583647869e-03 2.7864706713469807e-03
5.1454839998e+04 3.0470163367343948e-03 3.0661936957588499e-03
5.2151219998e+04 3.0179088214923942e-03 2.8363943649318390e-03
5.2857019997e+04 2.9986500351526554e-03 3.1568385098066872e-03
5.3572379997e+04 2.9895834353609171e-03 3.2387322197789063e-03
5.4297399997e+04 2.9739313608225910e-03 3.5477857564264539e-03
5.5032239997e+04 2.9485728245925479e-03 3.5568498503286321e-03
5.5777039997e+04 2.9255646524774591e-03 3.0154023348894269e-03
5.6531899997e+04 2.8985773768845655e-03 2.7127317295410017e-03
5.7296999997e+04 2.8636207549616148e-03 2.3927456661679116e-03
5.8072439997e+04 2.8598337627837949e-03 3.1081686020181004e-03
5.8858379996e+04 2.8316106719642547e-03 2.6566710567884916e-03
5.9654939996e+04 2.8205482024652195e-03 3.0357219478037985e-03
6.0462299996e+04 2.8127806281888000e-03 3.1804516299662132e-03
6.1280579996e+04 2.7859355008601509e-03 3.0399932124068117e-03
6.2109919996e+04 2.7731433615798069e-03 3.3431187769162236e-03
6.2950499996e+04 2.7398422049868094e-03 2.6289039920516406e-03
6.3802459996e+04 2.7317030612147566e-03 2.9731016123434525e-03
6.4665939996e+04 2.7036732277235047e-03 2.3365414281087031e-03
6.5541119995e+04 2.6840550266835628e-03 2.8948653806418166e-03
6.6428119996e+04 2.6711501267968115e-03 2.6767406205992356e-03
6.7327139996e+04 2.6418564841199114e-03 2.5170625923594961e-03
6.8238339996e+04 2.6335621528381361e-03 2.7197886051066400e-03
6.9161859996e+04 2.6316200023006274e-03 3.1502827990119555e-03
7.0097859996e+04 2.5963024117867800e-03 2.4076026279937213e-03
7.1046559996e+04 2.5766488371221420e-03 2.4290995854018764e-03
7.2008079997e+04 2.5673085133946856e-03 2.7847670449116292e-03
7.2982619997e+04 2.5474757014900492e-03 2.6556471359764299e-03
7.3970339997e+04 2.5208748634467340e-03 2.3523939533657647e-03
7.4971439997e+04 2.5192907125197732e-03 2.7656953540917137e-03
7.5986079998e+04 2.4965010193665890e-03 2.6938099850242272e-03
7.7014439998e+04 2.4792384013747008e-03 2.7736026998919335e-03
7.8056739998e+04 2.4575891340353484e-03 2.3181257134359586e-03
7.9113139998e+04 2.4455679324269144e-03 2.5203306982775498e-03
8.0183819998e+04 2.4309396661797156e-03 2.9608965523450423e-03
8.1269019999e+04 2.4065193950235883e-03 2.2424532105345478e-03
8.2368879999e+04 2.3906918898153251e-03 2.4701991603138258e-03
8.3483639999e+04 2.3643962471232775e-03 2.3178702042026683e-03
8.4613479999e+04 2.3588802424464837e-03 2.2855051199165148e-03
8.5758619999e+04 2.3420131585159001e-03 2.1738654694858782e-03
8.6919260000e+04 2.3264026856212672e-03 2.4716275719165173e-03
8.8095600000e+04 2.3104226927117464e-03 2.5320034129216466e-03
8.9287860000e+04 2.2876625189857959e-03 2.0931518500279466e-03
9.0496240000e+04 2.2819882804444532e-03 2.2513429697797998e-03
9.1721000001e+04 2.2738926526887637e-03 2.6472350178858915e-03
9.2962320001e+04 2.2463626002705971e-03 2.2493813904256492e-03
9.4220440001e+04 2.2282985886925132e-03 1.9737347716623330e-03
9.5495600001e+04 2.2134359094589978e-03 2.0742455402196023e-03
9.6788020002e+04 2.2125945456171205e-03 2.4197357831159854e-03
9.8097920002e+04 2.1807355526142465e-03 1.9341285943731709e-03
9.9425540002e+04 2.1725809377870771e-03 2.1439417906219714e-03
1.0077114000e+05 2.1673064263107700e-03 2.3801986182910868e-03
1.0213494000e+05 2.1366227692782951e-03 2.0324601765469999e-03
1.0351720000e+05 2.1325323615681820e-03 2.4559192561363851e-03
1.0491818000e+05 2.1138607208843509e-03 2.1769579745165267e-03
1.0633812000e+05 2.1050771542732321e-03 2.2567735667834519e-03
1.0777726000e+05 2.0792322554971732e-03 2.0242618287812358e-03
1.0923588000e+05 2.0632626276800149e-03 1.7347192943823282e-03
1.1071426000e+05 2.0591952799760348e-03 2.1500623770811895e-03
1.1221262000e+05 2.0372966012345709e-03 1.8185087665051477e-03
1.1373128001e+05 2.0259758918746954e-03 1.8459749709773528e-03
1.1527048001e+05 2.0031707574134192e-03 1.6473526477922106e-03
1.1683052001e+05 2.0033894859278751e-03 2.0545712811323655e-03
1.1841168001e+05 1.9936691549926658e-03 2.1453085250848752e-03
1.2001422001e+05 1.9632374855738030e-03 1.7630784019799493e-03
1.2163846001e+05 1.9627197510262394e-03 1.9513828139825970e-03
1.2328468001e+05 1.9344289486052878e-03 1.5325118987340491e-03
1.2495318001e+05 1.9388697706091002e-03 2.2789872711326000e-03
1.2664426001e+05 1.9130494139077635e-03 1.7682193243009751e-03
1.2835824001e+05 1.9146474047321840e-03 2.0479004791257010e-03
1.3009540001e+05 1.8931928692117101e-03 1.8116423951585118e-03
1.3185606001e+05 1.8871359316431685e-03 2.0470522726387138e-03
1.3364056001e+05 1.8714929997307279e-03 1.8822710220389085e-03
1.3544922001e+05 1.8538733655542434e-03 1.6242370501248604e-03
1.3728236001e+05 1.8464484000002123e-03 1.9216041429698473e-03
1.3914030000e+05 1.8290560851748196e-03 1.8743594953098543e-03
1.4102338000e+05 1.8126094438789537e-03 1.6220199774493235e-03
1.4293194000e+05 1.8004985399336256e-03 1.8157886617433906e-03
1.4486634000e+05 1.7916732762000161e-03 1.8044526238691174e-03
1.4682692000e+05 1.7872665189329927e-03 1.8645607305513962e-03
1.4881404000e+05 1.7696230313603398e-03 1.8657177329735727e-03
1.5082804000e+05 1.7556331558131861e-03 1.7963780894884175e-03
1.5286930000e+05 1.7433504000767097e-03 1.7934396129831965e-03
1.5493820000e+05 1.7296958035717739e-03 1.6979800857325924e-03
1.5703508000e+05 1.7260286432926432e-03 1.8263961651203984e-03
1.5916035999e+05 1.7126135744305149e-03 1.6106430207132381e-03
1.6131437999e+05 1.6906896020147974e-03 1.5858592087221474e-03
1.6349755999e+05 1.6877650105062130e-03 1.7949227212964518e-03
1.6571029999e+05 1.6708503665663322e-03 1.4524301625836406e-03
1.6795295999e+05 1.6628366638310715e-03 1.8580655036329033e-03
1.7022599999e+05 1.6515269084964167e-03 1.5994646113334551e-03
1.7252977999e+05 1.6391509734420575e-03 1.5011061862713043e-03
1.7486475999e+05 1.6279351651894403e-03 1.5448146590227015e-03
1.7723131998e+05 1.6209551911871051e-03 1.5488066780158668e-03
1.7962991998e+05 1.6063311598110868e-03 1.6767261879814771e-03
1.8206097998e+05 1.6009230212784536e-03 1.7425735303008925e-03
1.8452493998e+05 1.5921619167635398e-03 1.7427092525414930e-03
1.8702223998e+05 1.5705528758788155e-03 1.3581492506038405e-03
1.8955335998e+05 1.5617945280816273e-03 1.5306153919690704e-03
1.9211871998e+05 1.5486209483030974e-03 1.2924877614707668e-03
1.9471879998e+05 1.5443451608301221e-03 1.6300822174638988e-03
1.9735405997e+05 1.5287474264860420e-03 1.4490149627140474e-03
2.0002499997e+05 1.5230542213455582e-03 1.5696444702656864e-03
2.0273207997e+05 1.5111329853830873e-03 1.3387727134424388e-03
2.0547577997e+05 1.4994187695053936e-03 1.3630549195303434e-03
2.0825663997e+05 1.4908881317244561e-03 1.6344292748461209e-03
2.1107511997e+05 1.4839910415092898e-03 1.4888998260137282e-03
2.1393175997e+05 1.4679877911115192e-03 1.4455246810094473e-03
2.1682703996e+05 1.4634422795261194e-03 1.4868629897029821e-03
2.1976151996e+05 1.4579402073553907e-03 1.5548004612234670e-03
2.2273569996e+05 1.4484070023803590e-03 1.5790119079072706e-03
2.2575013996e+05 1.4237179482266089e-03 1.2175172623411269e-03
2.2880537996e+05 1.4153618370350265e-03 1.2483358916573609e-03
2.3190197996e+05 1.4188794885721869e-03 1.7229397452352281e-03
2.3504045995e+05 1.3953224378258774e-03 1.2872899167795664e-03
2.3822143995e+05 1.3986673056932309e-03 1.6039761216959658e-03
2.4144545995e+05 1.3837858919602893e-03 1.3100287550079138e-03
2.4471309995e+05 1.3792087124818231e-03 1.4451477881447167e-03
2.4802497995e+05 1.3643513183125406e-03 1.4698000476181471e-03
2.5138167995e+05 1.3546239674220074e-03 1.3622501581080928e-03
2.5478379994e+05 1.3452710532704376e-03 1.2853549392758501e-03
2.5823197994e+05 1.3410156145709131e-03 1.5101544579297114e-03
2.6172681994e+05 1.3269871515242384e-03 1.3985798289570545e-03
2.6526895994e+05 1.3155421580071855e-03 1.1897497505140983e-03
2.6885901995e+05 1.3089430831009820e-03 1.3630922598483002e-03
2.7249767995e+05 1.3022969200244749e-03 1.1899631424048026e-03
2.7618559995e+05 1.2914466415093269e-03 1.4601226626352842e-03
2.7992339996e+05 1.2826608268513575e-03 1.2093496523055964e-03
2.8371179996e+05 1.2664509624610027e-03 1.0685051886956593e-03
2.8755147996e+05 1.2662616264082650e-03 1.3158865562766678e-03
2.9144311997e+05 1.2545084444127628e-03 1.1954456149730732e-03
2.9538741997e+05 1.2472481759808771e-03 1.1904643742461523e-03
2.9938511997e+05 1.2360321623484521e-03 1.0289063807750907e-03
3.0343689998e+05 1.2307195196565757e-03 1.1104454164454988e-03
3.0754353998e+05 1.2261227586590404e-03 1.2041727600741413e-03
3.1170573999e+05 1.2118589157048638e-03 1.0142797380521624e-03
3.1592427999e+05 1.2028132100538184e-03 9.9513182760181760e-04
3.2019989999e+05 1.1949654397112753e-03 1.1131153097353734e-03
3.2453340000e+05 1.1910119137883500e-03 1.0737640563723125e-03
3.2892554000e+05 1.1766285238325096e-03 9.4191929835290168e-04
3.3337712001e+05 1.1754067866779269e-03 1.1276532159641257e-03
3.3788896001e+05 1.1657891564469721e-03 1.1653944886509775e-03
3.4246184001e+05 1.1588069472649877e-03 1.2042349143784957e-03
3.4709662002e+05 1.1494543793740760e-03 1.0757920622841469e-03
3.5179412002e+05 1.1394287775433898e-03 1.0055722397375934e-03
3.5655520003e+05 1.1416009931197555e-03 1.2810066817600331e-03
3.6138072003e+05 1.1245652187078217e-03 1.0554135340891764e-03
3.6627154004e+05 1.1219115222752866e-03 1.1474661527229189e-03
3.7122856004e+05 1.1096175723451257e-03 9.6933367537152244e-04
3.7625266005e+05 1.1036878013758881e-03 1.0285837769336754e-03
3.8134476005e+05 1.0934083315278025e-03 9.5512082715363969e-04
3.8650576006e+05 1.0898457908538797e-03 9.7593783398512224e-04
3.9173662006e+05 1.0787344874715354e-03 9.6001150643510575e-04
3.9703828007e+05 1.0745635855362401e-03 9.6839979318487411e-04
4.0241168007e+05 1.0668796341579035e-03 1.0185757517657188e-03
4.0785780008e+05 1.0578121674361218e-03 9.6677087224230013e-04
4.1337762008e+05 1.0478574745954991e-03 8.9846835855444767e-04
4.1897216009e+05 1.0509397439463048e-03 1.1687115425970684e-03
4.2464240009e+05 1.0372361531605838e-03 9.4858445672225576e-04
4.3038940010e+05 1.0314916433969341e-03 9.2943779910494679e-04
4.3621416010e+05 1.0242177875534552e-03 9.1754321924503331e-04
4.4211776011e+05 1.0191099737773062e-03 1.0023834065875468e-03
4.4810126011e+05 1.0119710700659042e-03 9.0833215502708923e-04
4.5416572012e+05 1.0011730864030355e-03 8.6721638379324000e-04
4.6031228012e+05 9.9795180105851700e-04 1.0097769289839275e-03
4.6654200013e+05 9.8869100261839366e-04 8.6048248135390517e-04
4.7285604014e+05 9.8481580305335732e-04 1.0558371808314516e-03
4.7925554014e+05 9.7928892981613688e-04 9.9778702282310385e-04
4.8574166015e+05 9.7487735191198921e-04 1.0990306442958764e-03
4.9231554015e+05 9.6752505704700796e-04 1.0819805110600237e-03
4.9897840016e+05 9.5977520169452562e-04 1.0001302226526473e-03
5.0573142017e+05 9.4940812076915574e-04 8.9007442139695035e-04
5.1257584017e+05 9.4927343824666990e-04 1.1072596595032591e-03
5.1951290018e+05 9.3913668045586540e-04 1.0640307621793566e-03
5.2654384019e+05 9.3292643578640321e-04 1.0023228182180497e-03
5.3366994019e+05 9.2452546394059313e-04 8.9834733242878391e-04
5.4089246020e+05 9.2557123244138551e-04 1.0458559978986828e-03
5.4821276021e+05 9.1629603677300872e-04 1.0290704289342137e-03
5.5563210021e+05 9.0961030752633148e-04 9.4265637091532888e-04
5.6315186022e+05 9.0589354237756816e-04 1.1125203066350822e-03
5.7077340023e+05 8.9446334167732344e-04 8.0518859430490680e-04
5.7849808023e+05 8.8464141136056402e-04 7.0822514637703998e-04
5.8632732024e+05 8.8569774544324713e-04 9.5285968821172092e-04
5.9426250025e+05 8.7767873107392428e-04 7.8289726147212938e-04
6.0230508026e+05 8.7684046620862275e-04 9.9673330647109836e-04
6.1045650026e+05 8.6303448706586945e-04 8.0282764438947775e-04
6.1871824027e+05 8.6066416029651675e-04 9.0711302248527457e-04
6.2709180028e+05 8.5615267486979937e-04 9.2165321897363321e-04
6.3557868029e+05 8.4829904921143956e-04 8.4757794849605076e-04
6.4418040030e+05 8.4035176886199613e-04 7.1914172424651071e-04
6.5289856030e+05 8.3839219278673241e-04 8.3330596102191244e-04
6.6173470031e+05 8.2792745796966924e-04 7.4554353768561412e-04
6.7069042032e+05 8.2628391792533647e-04 8.6160817299846292e-04
6.7976736033e+05 8.2105916065441345e-04 7.8069471202196772e-04
6.8896714034e+05 8.1258810789837084e-04 7.8189907311837677e-04
6.9829142035e+05 8.1243848024735129e-04 8.2241276170672538e-04
7.0774190036e+05 8.0408674382186616e-04 8.4330214032406431e-04
7.1732026036e+05 7.9796043419401354e-04 7.4477581530251922e-04
7.2702828037e+05 7.9357797614853349e-04 8.0383836463808977e-04
7.3686766038e+05 7.8861782195058803e-04 7.3149815119272069e-04
7.4684022039e+05 7.8398740492705075e-04 8.1344421222229841e-04
7.5694774040e+05 7.7912506189189415e-04 8.2371929361383419e-04
7.6719204041e+05 7.7394717176149065e-04 8.7142995203150361e-04
7.7757500042e+05 7.6566280669015268e-04 6.9839096396840186e-04
7.8809848043e+05 7.6336054925368771e-04 7.4562020047533838e-04
7.9876438044e+05 7.5715516691666985e-04 8.2048104225055903e-04
8.0957462045e+05 7.4992582429237343e-04 6.5717058710542807e-04
8.2053118046e+05 7.4677997291780875e-04 8.2358200466827239e-04
8.3163600047e+05 7.4648808463983844e-04 8.8889257082414128e-04
8.4289112048e+05 7.4036330306252664e-04 8.8154040178010668e-04
8.5429858049e+05 7.3399527129154737e-04 9.0382368391531121e-04
8.6586040050e+05 7.2756030036865338e-04 7.6474032540766335e-04
8.7757870051e+05 7.2016916260403050e-04 6.4480952120314627e-04
8.8945560052e+05 7.1560151852062732e-04 7.0013136930880261e-04
9.0149324054e+05 7.1382066949148785e-04 7.7767643410514608e-04
9.1369378055e+05 7.0332729787369751e-04 5.6829746818505859e-04
9.2605946056e+05 7.0293185048516738e-04 6.7001093772440688e-04
9.3859248057e+05 6.9963156753203573e-04 7.5592147838927058e-04
9.5129512058e+05 6.9457829304852355e-04 7.6600213779426287e-04
9.6416966059e+05 6.8950964203718810e-04 7.3012786119409402e-04
9.7721846061e+05 6.8778994282721806e-04 7.9210972423296477e-04
9.9044386062e+05 6.7576526809187860e-04 5.9960489375417603e-04
1.0038482406e+06 6.7338866122168420e-04 5.9232647205260350e-04
1.0174340206e+06 6.6856241029586059e-04 6.2717284863680542e-04
1.0312036807e+06 6.6675212708496164e-04 6.9856434283864391e-04
1.0451597007e+06 6.6145169403785688e-04 7.0418510720556004e-04
1.0593046007e+06 6.5622487235788901e-04 6.1572719685233602e-04
1.0736409207e+06 6.5165536109110462e-04 6.0357220536172884e-04
1.0881712607e+06 6.4555408595646287e-04 6.2445348599532424e-04
1.1028982607e+06 6.4637837087756788e-04 7.7456246977711642e-04
1.1178245607e+06 6.3879115156962110e-04 6.5996989254624909e-04
1.1329528808e+06 6.3323200941691219e-04 6.2117739077180564e-04
1.1482859408e+06 6.3003204782550461e-04 6.1524995201560611e-04
1.1638265008e+06 6.2696693681965924e-04 6.5672970275136480e-04
1.1795774008e+06 6.2104576871952095e-04 5.5492753580966615e-04
1.1955414608e+06 6.1833662439080093e-04 6.9736299206627384e-04
1.2117215808e+06 6.1205391704774849e-04 5.9359056547617409e-04
1.2281206608e+06 6.0802009480934562e-04 6.1579215230362131e-04
1.2447417009e+06 6.0693842372962561e-04 7.2705827990309706e-04
1.2615876609e+06 6.0152583169228546e-04 6.0937003481925070e-04
1.2786616209e+06 5.9743032663813421e-04 6.3301058931341495e-04
1.2959666609e+06 5.9412647025024114e-04 5.7500634096932480e-04
1.3135059009e+06 5.9165613224608862e-04 6.9572378836768351e-04
1.3312825209e+06 5.8579794875832027e-04 5.6638105417477331e-04
1.3492997010e+06 5.7797075780471679e-04 4.1716613054848431e-04
1.3675607410e+06 5.7889432190521195e-04 6.0398453769978954e-04
1.3860689210e+06 5.7529818558665175e-04 5.5784315754233782e-04
1.4048275810e+06 5.7459404490021212e-04 7.3039446221900004e-04
1.4238401010e+06 5.6247705244232915e-04 4.4944170399005497e-04
1.4431099410e+06 5.6365494538361310e-04 6.4303035345724519e-04
1.4626405811e+06 5.5673515322175087e-04 5.0704429037179682e-04
1.4824355411e+06 5.5590471914880786e-04 6.4795903434326535e-04
1.5024983811e+06 5.5098218167422481e-04 5.6077747468279322e-04
1.5228327611e+06 5.4534115892483984e-04 5.3495414854935720e-04
1.5434423411e+06 5.4405128458366017e-04 5.9237688029972714e-04
1.5643308412e+06 5.3650223573456545e-04 4.3618255787875206e-04
1.5855020612e+06 5.3700896611608726e-04 5.9549345196634022e-04
1.6069597812e+06 5.2917436870948730e-04 4.5829414215038861e-04
1.6287079012e+06 5.3022217795355045e-04 5.9557782535467427e-04
1.6507503812e+06 5.2566021116239601e-04 5.4482711220790714e-04
1.6730911413e+06 5.2105540878616928e-04 5.0682550821226613e-04
1.6957342813e+06 5.1769663600453517e-04 5.2913492297708463e-04
1.7186838613e+06 5.1424888829106009e-04 4.6752245940886436e-04
1.7419440413e+06 5.1378786544812997e-04 5.6600734176782367e-04
1.7655190013e+06 5.0429760912240119e-04 3.9881248279875097e-04
1.7894130214e+06 5.0210154878794295e-04 4.1923950944796115e-04
1.8136304214e+06 5.0052480355687568e-04 4.9172709072422876e-04
1.8381755814e+06 4.9765454875178505e-04 4.8608241781489112e-04
1.8630529214e+06 4.9487436750381684e-04 5.0072282156897279e-04
1.8882669415e+06 4.8881492933048904e-04 4.0946924539943935e-04
1.9138222015e+06 4.8529695747297766e-04 3.8866080689015900e-04
1.9397233215e+06 4.8464449314637991e-04 4.8146693826351392e-04
1.9659749615e+06 4.8285690685765168e-04 5.7583567994987670e-04
1.9925819016e+06 4.7775452668289439e-04 4.6759678000200572e-04
2.0195489416e+06 4.7468983861707220e-04 4.9691331958306452e-04
2.0468809216e+06 4.7055085930638579e-04 4.3876932712705948e-04
2.0745828216e+06 4.6836973418722913e-04 4.6597429831400985e-04
2.1026596217e+06 4.6404828818054621e-04 4.6062341461415243e-04
2.1311164217e+06 4.6114963945197488e-04 4.3866744227791737e-04
2.1599583417e+06 4.6151711357095770e-04 5.9461357241452346e-04
2.1891905817e+06 4.5914532095708729e-04 5.6497115622378689e-04
2.2188184618e+06 4.5441699776117036e-04 4.9007553062851061e-04
2.2488473018e+06 4.4891822149398366e-04 3.7270930346922489e-04
2.2792825618e+06 4.4831514473140456e-04 5.0867243107336206e-04
2.3101297018e+06 4.4242705137398320e-04 4.1368614666401499e-04
2.3413943419e+06 4.4137841708975057e-04 4.7846034842587409e-04
2.3730821019e+06 4.3747951099623849e-04 4.0254399812149095e-04
2.4051987019e+06 4.3412247400806322e-04 4.1635294407822124e-04
2.4377499620e+06 4.3316300798695807e-04 4.7210236699530281e-04
2.4707417820e+06 4.2812359943500812e-04 3.8394296955488285e-04
2.5041800820e+06 4.2538725845781689e-04 4.0991191626307290e-04
2.5380709221e+06 4.2483178066686619e-04 5.0502946159867242e-04
2.5724204421e+06 4.2102280768775908e-04 4.5642888782397638e-04
2.6072348421e+06 4.1849065179765398e-04 4.5292787619954553e-04
2.6425204022e+06 4.1463172222514682e-04 4.1970760482219180e-04
2.6782835222e+06 4.1128310835098582e-04 4.1913943233812533e-04
2.7145306422e+06 4.0859196265311687e-04 3.9215438982205547e-04
2.7512683023e+06 4.0854610965224012e-04 4.4588440751806808e-04
2.7885031823e+06 4.0431394730272850e-04 4.3823903780628939e-04
2.8262419823e+06 3.9982067568200802e-04 3.4262532617646897e-04
2.8644915224e+06 3.9852795884536918e-04 3.6726970873146049e-04
2.9032587224e+06 3.9742225120817902e-04 4.2119442745691172e-04
2.9425505824e+06 3.9290754071563200e-04 3.7280870370070971e-04
2.9823742225e+06 3.9135689433227462e-04 4.1086713088357208e-04
3.0227368025e+06 3.8856987626084851e-04 4.0737082092627807e-04
3.0636456625e+06 3.8615182648845493e-04 4.1285062780819761e-04
3.1051081626e+06 3.8332275248972229e-04 4.1104120109274614e-04
3.1471318026e+06 3.8025939543407181e-04 3.9010981094262276e-04
3.1897241627e+06 3.7924709252167048e-04 4.4651621256457233e-04
3.2328929827e+06 3.7695751494805460e-04 4.8709242991523802e-04
3.2766460227e+06 3.7294357039998840e-04 3.6612641447312296e-04
3.3209912028e+06 3.7180543692805462e-04 4.1913749141466258e-04
3.3659365428e+06 3.7010434963447562e-04 4.3272728487162021e-04
3.4114901429e+06 3.6613472991960040e-04 4.0567128311005138e-04
3.4576602629e+06 3.6278214807187391e-04 3.7436021204702644e-04
3.5044552430e+06 3.6163135800077259e-04 3.9440965766806624e-04
3.5518835430e+06 3.5680056671826514e-04 3.2870657179773330e-04
3.5999537030e+06 3.5702316016533503e-04 4.0008338413131700e-04
3.6486744431e+06 3.5288319015786029e-04 3.3268825534758274e-04
3.6980545431e+06 3.5174029042415539e-04 3.5077371003451125e-04
3.7481029432e+06 3.4614400929185282e-04 2.8057027565518298e-04
3.7988286832e+06 3.4624422158161417e-04 3.5050922563040909e-04
3.8502409433e+06 3.4445097348406056e-04 4.0205467898942685e-04
3.9023489833e+06 3.4167339085449202e-04 3.6406738740259100e-04
3.9551622634e+06 3.3800444811542556e-04 2.9605929124646520e-04
4.0086902834e+06 3.3706904857181894e-04 3.4590898439901979e-04
4.0629427435e+06 3.3460432241640836e-04 3.3624484516588782e-04
4.1179294435e+06 3.3219326650073028e-04 3.3361241182413730e-04
4.1736603036e+06 3.3012482361350688e-04 3.1873133684025111e-04
4.2301454228e+06 3.2664347718190802e-04 2.9556803815551083e-04
4.2873949815e+06 3.2587421785853815e-04 3.2526597197383609e-04
4.3454193602e+06 3.2251929750065899e-04 2.7745443794246273e-04
4.4042289989e+06 3.2015117927616424e-04 3.0336012703638903e-04
4.4638345776e+06 3.1838893535039638e-04 2.9973415704187431e-04
4.5242468162e+06 3.1699723752532017e-04 3.2693168165369218e-04
4.5854766749e+06 3.1418913444490544e-04 2.7858204616790997e-04
4.6475351935e+06 3.1400842640270661e-04 3.2389267356466980e-04
4.7104335921e+06 3.1047439841210310e-04 2.9076436403013730e-04
4.7741832306e+06 3.0909536635795212e-04 3.0527774646855370e-04
4.8387956492e+06 3.0618636865350015e-04 3.0198626722402532e-04
4.9042825277e+06 3.0468743273729721e-04 2.9594382272133936e-04
4.9706556662e+06 3.0297627730138861e-04 3.3554878182196342e-04
5.0379270847e+06 3.0035043005191661e-04 2.7626712016800583e-04
5.1061089432e+06 2.9912813495641254e-04 3.5310863130987312e-04
5.1752135417e+06 2.9612365607186223e-04 2.6513823295619925e-04
5.2452533801e+06 2.9439253647624422e-04 2.9354772373524373e-04
5.3162411385e+06 2.9310965568591935e-04 3.1444806505794085e-04
5.3881896169e+06 2.8910201828426355e-04 2.6085655979187037e-04
5.4611118153e+06 2.8737459917761591e-04 2.9686018239898700e-04
5.5350209136e+06 2.8570629043480082e-04 2.5939233462487978e-04
5.6099302920e+06 2.8340024030348718e-04 2.2543287044798362e-04
5.6858534703e+06 2.8258125181724149e-04 2.7526367118083122e-04
5.7628041685e+06 2.8078521494432338e-04 2.7360222721297881e-04
5.8407963068e+06 2.7889761756102701e-04 2.7534212971281978e-04
5.9198439650e+06 2.7617114774246417e-04 2.4637406677386286e-04
5.9999614232e+06 2.7619525928108485e-04 3.2643283109688335e-04
6.0811631614e+06 2.7336878273265014e-04 2.5946917123223533e-04
6.1634638796e+06 2.7081602963625705e-04 2.6638549207427342e-04
6.2468784177e+06 2.6984710866653907e-04 2.7002742812420476e-04
6.3314218558e+06 2.6764055543358750e-04 2.5330999758460592e-04
6.4171094939e+06 2.6629326756412029e-04 3.0095398431821208e-04
6.5039568120e+06 2.6477199801970802e-04 2.4830155620242145e-04
6.5919794900e+06 2.6216274771368532e-04 2.5034107665044495e-04
6.6811934280e+06 2.6064838940507501e-04 2.4858759664515254e-04
6.7716147860e+06 2.5863747783525328e-04 2.3615830692871715e-04
6.8632598639e+06 2.5731177482572233e-04 2.5294244453689582e-04
6.9561452419e+06 2.5531695442013982e-04 2.5253846290557332e-04
7.0502876998e+06 2.5361386710753153e-04 2.2650992084538617e-04
7.1457042576e+06 2.5163310110785605e-04 2.0666218710384707e-04
7.2424121555e+06 2.5106264465152756e-04 2.6350832078374275e-04
7.3404288733e+06 2.4860041761018951e-04 2.6282976787490089e-04
7.4397721311e+06 2.4658418776736838e-04 2.3335055504475799e-04
7.5404598488e+06 2.4688432535884843e-04 3.0343398816482767e-04
7.6425102665e+06 2.4297392869696396e-04 2.0492736196997590e-04
7.7459417842e+06 2.4099661545234129e-04 2.1354240053848633e-04
7.8507731419e+06 2.4103093341287248e-04 2.7685914767689790e-04
7.9570232395e+06 2.3861728201917401e-04 2.1979341599019845e-04
8.0647112971e+06 2.3831764955067780e-04 2.6614823399480353e-04
8.1738567747e+06 2.3701419064050590e-04 2.8174337245564390e-04
8.2844793922e+06 2.3373710086817390e-04 1.9085599222222385e-04
8.3965991297e+06 2.3263670258995788e-04 2.4091144281748937e-04
8.5102362871e+06 2.3073753546748801e-04 2.2523573055898094e-04
8.6254113646e+06 2.2933843303905835e-04 2.1887524368420584e-04
8.7421452019e+06 2.2695449036291891e-04 1.8632470678972028e-04
8.8604588793e+06 2.2591806173466670e-04 2.3031836377131881e-04
8.9803737566e+06 2.2472076821641906e-04 2.3283318547605655e-04
9.1019115539e+06 2.2335990198756647e-04 2.1221052660134107e-04
9.2250941912e+06 2.2049531834655154e-04 1.9713515411805090e-04
9.3499439684e+06 2.2000355018529506e-04 2.1958323325268353e-04
9.4764834055e+06 2.1884803866766993e-04 2.2027215864611315e-04
9.6047354027e+06 2.1728680861579088e-04 2.4298491377097194e-04
9.7347231198e+06 2.1598921731098836e-04 2.2877724610186490e-04
9.8664700568e+06 2.1485368274748147e-04 2.2687602800835167e-04
