# t E S  (m=2 n=2 eps=0 alpha=1 mu=1 h=0.02 seed=1) BACD splitting
1.0000000000e+00 3.0178950595458504e-01 8.8145837935529381e-02
1.0200000000e+00 3.0168337686321484e-01 8.7094141777807638e-02
1.0400000000e+00 3.0157794155603806e-01 8.6056113929980860e-02
1.0600000000e+00 3.0147307147206032e-01 8.5037890189661194e-02
1.0800000000e+00 3.0136863669296754e-01 8.4045489591569295e-02
1.1000000000e+00 3.0126450512336411e-01 8.3084811700234962e-02
1.1200000000e+00 3.0116054156109545e-01 8.2161633821963564e-02
1.1400000000e+00 3.0105660666777473e-01 8.1281608116916454e-02
1.1600000000e+00 3.0095255584933167e-01 8.0450258593852575e-02
1.1800000000e+00 3.0084823805600014e-01 7.9672977971896680e-02
1.2000000000e+00 3.0074349451065596e-01 7.8955024395622936e-02
1.2200000000e+00 3.0063815737386423e-01 7.8301517991759412e-02
1.2400000000e+00 3.0053204835343555e-01 7.7717437257915356e-02
1.2600000000e+00 3.0042497726578266e-01 7.7207615275900435e-02
1.2800000000e+00 3.0031674055598567e-01 7.6776735744434388e-02
1.3000000000e+00 3.0020711978328585e-01 7.6429328828331256e-02
1.3200000000e+00 3.0009588007880766e-01 7.6169766823581203e-02
1.3400000000e+00 2.9998276858272338e-01 7.6002259640144024e-02
1.3600000000e+00 2.9986751286887370e-01 7.5930850106711884e-02
1.3800000000e+00 2.9974981936606226e-01 7.5959409104198766e-02
1.4000000000e+00 2.9962937178685267e-01 7.6091630537268307e-02
1.4200000000e+00 2.9950582957666860e-01 7.6331026155824891e-02
1.4400000000e+00 2.9937882639824531e-01 7.6680920241058506e-02
1.4600000000e+00 2.9924796866890124e-01 7.7144444173346011e-02
1.4800000000e+00 2.9911283417053347e-01 7.7724530902057429e-02
1.5000000000e+00 2.9897297075453616e-01 7.8423909340074788e-02
1.5200000000e+00 2.9882789516582942e-01 7.9245098708576545e-02
1.5400000000e+00 2.9867709201170778e-01 8.0190402860340904e-02
1.5600000000e+00 2.9852001290214308e-01 8.1261904612435654e-02
1.5800000000e+00 2.9835607578841961e-01 8.2461460121651009e-02
1.6000000000e+00 2.9818466452647779e-01 8.3790693338347821e-02
1.6200000000e+00 2.9800512869011114e-01 8.5250990576496669e-02
1.6400000000e+00 2.9781678365723802e-01 8.6843495239527668e-02
1.6600000000e+00 2.9761891098993332e-01 8.8569102743164374e-02
1.6800000000e+00 2.9741075912588255e-01 9.0428455677642017e-02
1.7000000000e+00 2.9719154439551565e-01 9.2421939252589777e-02
1.7200000000e+00 2.9696045237544499e-01 9.4549677068370155e-02
1.7400000000e+00 2.9671663958507355e-01 9.6811527257804494e-02
1.7600000000e+00 2.9645923552946812e-01 9.9207079041971583e-02
1.7800000000e+00 2.9618734508790234e-01 1.0173564974314450e-01
1.8000000000e+00 2.9590005124391111e-01 1.0439628229693879e-01
1.8200000000e+00 2.9559641814931187e-01 1.0718774330439065e-01
1.8400000000e+00 2.9527549451146190e-01 1.1010852166298148e-01
1.8600000000e+00 2.9493631729002145e-01 1.1315682781358785e-01
1.8800000000e+00 2.9457791568669900e-01 1.1633059363798121e-01
1.9000000000e+00 2.9419931540882527e-01 1.1962747303884452e-01
1.9200000000e+00 2.9379954318514884e-01 1.2304484323133193e-01
1.9400000000e+00 2.9337763150993018e-01 1.2657980677198988e-01
1.9600000000e+00 2.9293262358924232e-01 1.3022919434740304e-01
1.9800000000e+00 2.9246357846134302e-01 1.3398956834124445e-01
2.0000000000e+00 2.9196957626107778e-01 1.3785722719451776e-01
2.0200000000e+00 2.9144972359650573e-01 1.4182821056970180e-01
2.0400000000e+00 2.9090315900432084e-01 1.4589830532526607e-01
2.0600000000e+00 2.9032905844919366e-01 1.5006305230264610e-01
2.0800000000e+00 2.8972664083089072e-01 1.5431775392327468e-01
2.1000000000e+00 2.8909517346197500e-01 1.5865748258868589e-01
2.1400000000e+00 2.8774243314202907e-01 1.6757121648503828e-01
2.1600000000e+00 2.8701998500328824e-01 1.7213430299855237e-01
2.2000000000e+00 2.8548050657805829e-01 1.8144418670472690e-01
2.2200000000e+00 2.8466273045161383e-01 1.8617897084182533e-01
2.2600000000e+00 2.8292985341478910e-01 1.9577704427547876e-01
2.2800000000e+00 2.8201451376559450e-01 2.0062746193720599e-01
2.3200000000e+00 2.8008612894759821e-01 2.1039805785207946e-01
2.3400000000e+00 2.7907341108303002e-01 2.1530477162207678e-01
2.3800000000e+00 2.7695248781669685e-01 2.2512690156717541e-01
2.4000000000e+00 2.7584521095121045e-01 2.3002854770781916e-01
2.4400000000e+00 2.7354011135285428e-01 2.3977848113646549e-01
2.4800000000e+00 2.7111957543852011e-01 2.4941140439649012e-01
2.5000000000e+00 2.6986837435349531e-01 2.5416694041379706e-01
2.5400000000e+00 2.6728965226940860e-01 2.6352265376793360e-01
2.5800000000e+00 2.6461761451063864e-01 2.7262766297964969e-01
2.6000000000e+00 2.6325008245047077e-01 2.7707027024317815e-01
2.6400000000e+00 2.6045961806129231e-01 2.8570518103810910e-01
2.6800000000e+00 2.5760622836512531e-01 2.9396763773134282e-01
2.7200000000e+00 2.5470381794017516e-01 3.0181384977362896e-01
2.7600000000e+00 2.5176698510023166e-01 3.0920339441440453e-01
2.7800000000e+00 2.5029035665474547e-01 3.1271528161176892e-01
2.8200000000e+00 2.4733022245741404e-01 3.1935213853153854e-01
2.8600000000e+00 2.4437369734325637e-01 3.2544787518211210e-01
2.9000000000e+00 2.4143599024589008e-01 3.3097589529648297e-01
2.9400000000e+00 2.3853196023392206e-01 3.3591389807942018e-01
2.9800000000e+00 2.3567589826800420e-01 3.4024392482675148e-01
3.0200000000e+00 2.3288132545498727e-01 3.4395234980210337e-01
3.0600000000e+00 2.3016081209990652e-01 3.4702981864874677e-01
3.1000000000e+00 2.2752582108501734e-01 3.4947113861631074e-01
3.1400000000e+00 2.2498657825330989e-01 3.5127512573022707e-01
3.1800000000e+00 2.2255197157923029e-01 3.5244441470683907e-01
3.2400000000e+00 2.1911221846992893e-01 3.5302284617937379e-01
3.2800000000e+00 2.1696874537839872e-01 3.5263991778981907e-01
3.3200000000e+00 2.1494971872650737e-01 3.5165819179335944e-01
3.3600000000e+00 2.1305754475397004e-01 3.5009445986756688e-01
3.4000000000e+00 2.1129324982495085e-01 3.4796791052921833e-01
3.4600000000e+00 2.0888563057252471e-01 3.4376993511418297e-01
3.5000000000e+00 2.0743717062555217e-01 3.4033356667371872e-01
3.5400000000e+00 2.0611051524487886e-01 3.3641654137514826e-01
3.6000000000e+00 2.0433981459222075e-01 3.2969856355161448e-01
3.6400000000e+00 2.0329818364043867e-01 3.2469914852866411e-01
3.7000000000e+00 2.0192942447560130e-01 3.1649145815916990e-01
3.7400000000e+00 2.0113667969364690e-01 3.1059077305852978e-01
3.8000000000e+00 2.0011016569181658e-01 3.0117244403490157e-01
3.8400000000e+00 1.9952396040751633e-01 2.9456037351656472e-01
3.9000000000e+00 1.9877412672952535e-01 2.8422050682528405e-01
3.9600000000e+00 1.9815869500508398e-01 2.7346898050681107e-01
4.0000000000e+00 1.9781179594029691e-01 2.6612538504921129e-01
4.0600000000e+00 1.9737050914772203e-01 2.5492568514153047e-01
4.1200000000e+00 1.9700623974806869e-01 2.4360056909091543e-01
4.1600000000e+00 1.9679705329210215e-01 2.3603406107761649e-01
4.2200000000e+00 1.9652149305155550e-01 2.2473940915078577e-01
4.2800000000e+00 1.9627885950276247e-01 2.1360613368663478e-01
4.3400000000e+00 1.9605663441170562e-01 2.0274037455224808e-01
4.4000000000e+00 1.9584448123155787e-01 1.9224648924365151e-01
4.4600000000e+00 1.9563414246973537e-01 1.8222616004282988e-01
4.5200000000e+00 1.9541928127217706e-01 1.7277733392936048e-01
4.5800000000e+00 1.9519527584068302e-01 1.6399301474419384e-01
4.6400000000e+00 1.9495897494118863e-01 1.5595993963530891e-01
4.7000000000e+00 1.9470842277766473e-01 1.4875718254330317e-01
4.7600000000e+00 1.9444256185704062e-01 1.4245473585954582e-01
4.8400000000e+00 1.9406350186065932e-01 1.3555317316266319e-01
4.9000000000e+00 1.9376052865983345e-01 1.3156246278472183e-01
4.9600000000e+00 1.9344123197019686e-01 1.2862284109204103e-01
5.0200000000e+00 1.9310491512486916e-01 1.2675060103359886e-01
5.1000000000e+00 1.9262759525322903e-01 1.2591533843483146e-01
5.1600000000e+00 1.9224493453728070e-01 1.2651423944725743e-01
5.2400000000e+00 1.9169529140711047e-01 1.2888381270245725e-01
5.3000000000e+00 1.9124752677870444e-01 1.3177501005165521e-01
5.3800000000e+00 1.9059233698658545e-01 1.3699193266508652e-01
5.4600000000e+00 1.8985628702039628e-01 1.4359288421920877e-01
5.5200000000e+00 1.8924092153268557e-01 1.4932241543578340e-01
5.6000000000e+00 1.8832189969477325e-01 1.5780951263685600e-01
5.6800000000e+00 1.8727474550210532e-01 1.6703341196743532e-01
5.7600000000e+00 1.8608441229093198e-01 1.7673301041113312e-01
5.8200000000e+00 1.8509050280513417e-01 1.8416210531929778e-01
5.9000000000e+00 1.8362425730727849e-01 1.9406746033520039e-01
5.9800000000e+00 1.8199473296304003e-01 2.0374774662564837e-01
6.0600000000e+00 1.8020589880661669e-01 2.1297387085131156e-01
6.1400000000e+00 1.7826900914886237e-01 2.2153822232505241e-01
6.2400000000e+00 1.7566894236744937e-01 2.3103667620437979e-01
6.3200000000e+00 1.7347829652553776e-01 2.3748310589357802e-01
6.4000000000e+00 1.7122528422025271e-01 2.4277062778750130e-01
6.4800000000e+00 1.6894782554332549e-01 2.4680380508865202e-01
6.5800000000e+00 1.6612807749310049e-01 2.4997858024801128e-01
6.6600000000e+00 1.6394295669669517e-01 2.5097551769642279e-01
6.7600000000e+00 1.6136097879861230e-01 2.5027082118262711e-01
6.8400000000e+00 1.5945347356097603e-01 2.4816138038788804e-01
6.9400000000e+00 1.5730583897848488e-01 2.4365364296966152e-01
7.0400000000e+00 1.5544730692623918e-01 2.3718193808883278e-01
7.1200000000e+00 1.5417498406603838e-01 2.3070463478174091e-01
7.2200000000e+00 1.5284524539583957e-01 2.2116632817397033e-01
7.3200000000e+00 1.5178246504856896e-01 2.1027305146239558e-01
7.4200000000e+00 1.5095112526710827e-01 1.9833206353683588e-01
7.5200000000e+00 1.5030887601177262e-01 1.8568927548082467e-01
7.6200000000e+00 1.4981159221916304e-01 1.7271964546529728e-01
7.7200000000e+00 1.4941761758117741e-01 1.5981445900458904e-01
7.8400000000e+00 1.4903068077816251e-01 1.4496472802694033e-01
7.9400000000e+00 1.4874616598728541e-01 1.3355860014947632e-01
8.0400000000e+00 1.4847326220465851e-01 1.2339230247020522e-01
8.1600000000e+00 1.4813954874747162e-01 1.1322377437118333e-01
8.2600000000e+00 1.4784282840348070e-01 1.0669191931054657e-01
8.3800000000e+00 1.4745015395897518e-01 1.0138334257809170e-01
8.4800000000e+00 1.4708154937828141e-01 9.9128279161196139e-02
8.6000000000e+00 1.4657461431851951e-01 9.8986360671189794e-02
8.7200000000e+00 1.4597882847503563e-01 1.0148392126384728e-01
8.8400000000e+00 1.4527205897533435e-01 1.0635437932437435e-01
8.9600000000e+00 1.4442896451770390e-01 1.1325251746625940e-01
9.0800000000e+00 1.4342132056203147e-01 1.2177688695627309e-01
9.2000000000e+00 1.4222016594590861e-01 1.3148577709135767e-01
9.3200000000e+00 1.4080035381592318e-01 1.4190678374222301e-01
9.4600000000e+00 1.3884855421682674e-01 1.5429997883678376e-01
9.5800000000e+00 1.3692682041316351e-01 1.6453277877497718e-01
9.7000000000e+00 1.3480400552001073e-01 1.7385168247548566e-01
9.8400000000e+00 1.3214297947744708e-01 1.8288758912362052e-01
9.9800000000e+00 1.2939378768345444e-01 1.8924563360761126e-01
1.0100000000e+01 1.2706903656836782e-01 1.9211061804834306e-01
1.0240000000e+01 1.2451180601861532e-01 1.9209484134163532e-01
1.0380000000e+01 1.2222813162322897e-01 1.8834879358679002e-01
1.0520000000e+01 1.2029338054229581e-01 1.8105196190395467e-01
1.0660000000e+01 1.1873802242136886e-01 1.7068805751973110e-01
1.0800000000e+01 1.1755000592402615e-01 1.5799846509264892e-01
1.0960000000e+01 1.1658351993830862e-01 1.4182981019209101e-01
1.1100000000e+01 1.1600686150766609e-01 1.2733795504885409e-01
1.1260000000e+01 1.1555916796038360e-01 1.1165658546412320e-01
1.1400000000e+01 1.1527667285376901e-01 9.9619093083202589e-02
1.1560000000e+01 1.1500264244673067e-01 8.8613649004298189e-02
1.1720000000e+01 1.1471919218384041e-01 8.1108969660311253e-02
1.1880000000e+01 1.1438091768342580e-01 7.7387551344128086e-02
1.2040000000e+01 1.1395510223157722e-01 7.7462685488737706e-02
1.2200000000e+01 1.1341234040621544e-01 8.1121259165725226e-02
1.2360000000e+01 1.1271824185678998e-01 8.7939844894017655e-02
1.2520000000e+01 1.1182980861141342e-01 9.7275930148931017e-02
1.2700000000e+01 1.1053930967119510e-01 1.0969332511006548e-01
1.2880000000e+01 1.0889099028025738e-01 1.2263282291016356e-01
1.3040000000e+01 1.0711976638768089e-01 1.3316523006966044e-01
1.3220000000e+01 1.0483953692629151e-01 1.4239396731246620e-01
1.3400000000e+01 1.0238421554912645e-01 1.4757721868252749e-01
1.3580000000e+01 9.9938052862077603e-02 1.4801883492745016e-01
1.3760000000e+01 9.7696499076891583e-02 1.4379497596253757e-01
1.3960000000e+01 9.5640553422654401e-02 1.3460822578743625e-01
1.4140000000e+01 9.4277120429647046e-02 1.2370047369419628e-01
1.4340000000e+01 9.3296456264041941e-02 1.1043912257668936e-01
1.4520000000e+01 9.2797172117230653e-02 9.8845636324737862e-02
1.4720000000e+01 9.2496377086240714e-02 8.7492856618520867e-02
1.4920000000e+01 9.2284331535881683e-02 7.8506944256121147e-02
1.5120000000e+01 9.2033168820041325e-02 7.2362407799945502e-02
1.5320000000e+01 9.1686519074606704e-02 6.9366561279957842e-02
1.5540000000e+01 9.1183341859663175e-02 6.9883444062604549e-02
1.5740000000e+01 9.0612406008934929e-02 7.3656600733999308e-02
1.5960000000e+01 8.9828248816827966e-02 8.0685768287509604e-02
1.6180000000e+01 8.8809817902236285e-02 8.9323256636517759e-02
1.6400000000e+01 8.7482159717128624e-02 9.7801168253936754e-02
1.6620000000e+01 8.5836004526902918e-02 1.0455691013716256e-01
1.6840000000e+01 8.3980159440315214e-02 1.0867725587090293e-01
1.7060000000e+01 8.2132222795270882e-02 1.0999032571336871e-01
1.7300000000e+01 8.0412020170361059e-02 1.0856219134251462e-01
1.7540000000e+01 7.9191361160699358e-02 1.0454638913578405e-01
1.7760000000e+01 7.8500125855813244e-02 9.8716214241602471e-02
1.8000000000e+01 7.8042778826062087e-02 9.0109994044701949e-02
1.8260000000e+01 7.7660425978282030e-02 7.8859868486317056e-02
1.8500000000e+01 7.7289412212341577e-02 6.8306508650666189e-02
1.8740000000e+01 7.6899131784299968e-02 5.9743882638168280e-02
1.9000000000e+01 7.6485489819241040e-02 5.4868390759087685e-02
1.9260000000e+01 7.6030259198793693e-02 5.5605765042024920e-02
1.9520000000e+01 7.5382552313155868e-02 6.1464309627363177e-02
1.9780000000e+01 7.4409989779466473e-02 7.0897778008561327e-02
2.0060000000e+01 7.3038585252533067e-02 8.2815780423849919e-02
2.0320000000e+01 7.1695578468911891e-02 9.3218255655536000e-02
2.0600000000e+01 7.0462845416293010e-02 1.0081911271390902e-01
2.0880000000e+01 6.9574036278352167e-02 1.0174977689870643e-01
2.1160000000e+01 6.8957203485554744e-02 9.4460429185022787e-02
2.1440000000e+01 6.8476166642074010e-02 8.0311528256061068e-02
2.1740000000e+01 6.8023927899884193e-02 6.2376273559519940e-02
2.2020000000e+01 6.7665971729284943e-02 4.8574055664750745e-02
2.2320000000e+01 6.7373231823564750e-02 4.1278953503162255e-02
2.2620000000e+01 6.7129073744282619e-02 4.3042832747174659e-02
2.2940000000e+01 6.6789327056237691e-02 5.3378779888626868e-02
2.3240000000e+01 6.6243524313781929e-02 6.7791763951115552e-02
2.3560000000e+01 6.5308421946712880e-02 8.3187289677976048e-02
2.3880000000e+01 6.4078339016584690e-02 9.2592932126983302e-02
2.4200000000e+01 6.2805834423685272e-02 9.1644185431408190e-02
2.4520000000e+01 6.1755610996676299e-02 8.0767827066917181e-02
2.4860000000e+01 6.1030395441134873e-02 6.4222816057348905e-02
2.5200000000e+01 6.0667406244675308e-02 5.0043193316685261e-02
2.5540000000e+01 6.0466110816611178e-02 4.2625160091692489e-02
2.5880000000e+01 6.0217505496471473e-02 4.2569773440730735e-02
2.6240000000e+01 5.9818726888875455e-02 4.9340774985342686e-02
2.6580000000e+01 5.9300512499342511e-02 5.9877872401539807e-02
2.6940000000e+01 5.8487864662614873e-02 7.0706098637654508e-02
2.7320000000e+01 5.7233479270529825e-02 7.5891632427181735e-02
2.7680000000e+01 5.5946394740099270e-02 7.3213615329056958e-02
2.8060000000e+01 5.5051201735224840e-02 6.5627856230636758e-02
2.8440000000e+01 5.4743181417824763e-02 5.6770150831824767e-02
2.8820000000e+01 5.4556525368611726e-02 4.8046448127321062e-02
2.9220000000e+01 5.4185436054144470e-02 4.1427007957708040e-02
2.9600000000e+01 5.3777895968331817e-02 4.1471759561235798e-02
3.0000000000e+01 5.3238884444134417e-02 4.8750201118228850e-02
3.0420000000e+01 5.2203926201313415e-02 5.8841766894778144e-02
3.0820000000e+01 5.0924405858400440e-02 6.5435153348127037e-02
3.1240000000e+01 4.9936810716353738e-02 6.6845935479968768e-02
3.1660000000e+01 4.9446784340081699e-02 6.0919688024045814e-02
3.2100000000e+01 4.9036457357836648e-02 4.7937804339634932e-02
3.2520000000e+01 4.8645500174495988e-02 3.6925770619776033e-02
3.2960000000e+01 4.8356550241209648e-02 3.4973949832339243e-02
3.3420000000e+01 4.7929232352477188e-02 4.2209543367051405e-02
3.3860000000e+01 4.7155123715691007e-02 5.1993897227557692e-02
3.4320000000e+01 4.6367866295139948e-02 6.0273390274448890e-02
3.4780000000e+01 4.5895141224026145e-02 6.0896884337185250e-02
3.5260000000e+01 4.5496230856826442e-02 5.1344987594695871e-02
3.5740000000e+01 4.5193154801529724e-02 3.9653097997601514e-02
3.6220000000e+01 4.5027548564836664e-02 3.3636445062121864e-02
3.6700000000e+01 4.4742210527131912e-02 3.4352635944169110e-02
3.7200000000e+01 4.4343450754424418e-02 4.3145335365851245e-02
3.7700000000e+01 4.4085979912313722e-02 5.5402133499345488e-02
3.8220000000e+01 4.3768316812569090e-02 5.8955389808731329e-02
3.8740000000e+01 4.3376156302874697e-02 5.0178944223181643e-02
3.9260000000e+01 4.3102415342819556e-02 3.6599695967263604e-02
3.9800000000e+01 4.2718821469699804e-02 2.7227483731467411e-02
4.0320000000e+01 4.2440950979300014e-02 3.3234365929628001e-02
4.0880000000e+01 4.2148890736285652e-02 5.0657151690539019e-02
4.1420000000e+01 4.1550713461232673e-02 5.7952096172733683e-02
4.1980000000e+01 4.1158238063509822e-02 5.0037697153059807e-02
4.2560000000e+01 4.0824618965837160e-02 3.4487453176035646e-02
4.3140000000e+01 4.0423477364402438e-02 2.7162009888681116e-02
4.3720000000e+01 4.0361423937967135e-02 3.6565247461324543e-02
4.4300000000e+01 4.0169095752055912e-02 4.7245060006446626e-02
4.4900000000e+01 3.9683159416746078e-02 4.8934501524952656e-02
4.5520000000e+01 3.9205988242767394e-02 4.3465942850614100e-02
4.6120000000e+01 3.8804621883668435e-02 3.5521378387751795e-02
4.6760000000e+01 3.8558273261405027e-02 3.2814781044881378e-02
4.7380000000e+01 3.8159909154000554e-02 3.3552870134798046e-02
4.8020000000e+01 3.7596252534118572e-02 4.0526810948545357e-02
4.8680000000e+01 3.6805586103387966e-02 4.8241428757853394e-02
4.9340000000e+01 3.6152327205207502e-02 4.1801400965600394e-02
5.0000000000e+01 3.5921520412157681e-02 2.8532396618392738e-02
5.0680000000e+01 3.5438884491276364e-02 2.4099210181381440e-02
5.1360000000e+01 3.4941977372063115e-02 3.9840794574354112e-02
5.2060000000e+01 3.3896218161060518e-02 4.8562404755382919e-02
5.2760000000e+01 3.3249529590614682e-02 3.6367236641616708e-02
5.3480000000e+01 3.2872167240069694e-02 2.1593357330426333e-02
5.4200000000e+01 3.2577686450952784e-02 2.7495765382454185e-02
5.4940000000e+01 3.1940947726353718e-02 4.1031625764117459e-02
5.5680000000e+01 3.1068664078645291e-02 3.9179199266076707e-02
5.6440000000e+01 3.0773749278924307e-02 2.8129939915359919e-02
5.7200000000e+01 3.0520252324152758e-02 2.3659408854338579e-02
5.7980000000e+01 3.0247949288815870e-02 3.0251040028814926e-02
5.8760000000e+01 2.9822954757429965e-02 3.6966747729652305e-02
5.9560000000e+01 2.9662082889694102e-02 3.3548897147345567e-02
6.0360000000e+01 2.9358919996807852e-02 2.3730587537565139e-02
6.1180000000e+01 2.9150300786434238e-02 2.4254325893800256e-02
6.2000000000e+01 2.8999968952076616e-02 3.5000329193521786e-02
6.2840000000e+01 2.8626228723710720e-02 3.3748526493128719e-02
6.3700000000e+01 2.8454255634149554e-02 2.5054318530508001e-02
6.4560000000e+01 2.8182150253997382e-02 2.2593844867261619e-02
6.5420000000e+01 2.8130923752468069e-02 3.1613618587766179e-02
6.6320000000e+01 2.7877304860173174e-02 3.4575773124567291e-02
6.7200000000e+01 2.7684265044440444e-02 2.4485691898729588e-02
6.8120000000e+01 2.7389599942763895e-02 2.0178875325664557e-02
6.9040000000e+01 2.7208727827261050e-02 3.3843685397238935e-02
6.9980000000e+01 2.6950720687412760e-02 3.3247187978686976e-02
7.0920000000e+01 2.6461748329960288e-02 1.6884844996791666e-02
7.1880000000e+01 2.6276703157868817e-02 2.6570642740666076e-02
7.2860000000e+01 2.6075688470662377e-02 3.4498081422684221e-02
7.3840000000e+01 2.5581381358185148e-02 2.1760768505945251e-02
7.4840000000e+01 2.5493756957245102e-02 2.2574674420100749e-02
7.5860000000e+01 2.5278797801299172e-02 2.8179385561534584e-02
7.6880000000e+01 2.4940615432129491e-02 2.8299320158978649e-02
7.7920000000e+01 2.4734133087242257e-02 2.1389237863087308e-02
7.8980000000e+01 2.4479806291880749e-02 2.1806700719945574e-02
8.0040000000e+01 2.4310086325791333e-02 3.2633143018943031e-02
8.1120000000e+01 2.4004333640740068e-02 1.9512700024841543e-02
8.2220000000e+01 2.3847893893143967e-02 2.0363905515749556e-02
8.3340000000e+01 2.3709610179535372e-02 3.2097934505388025e-02
8.4460000000e+01 2.3237004770374492e-02 1.9260787271366184e-02
8.5600000000e+01 2.3086474470972056e-02 2.0105350855466816e-02
8.6760000000e+01 2.2794237362126327e-02 2.8994123661773945e-02
8.7940000000e+01 2.2456247511087386e-02 2.0830842113430319e-02
8.9120000000e+01 2.2154292506018781e-02 1.8956034809895439e-02
9.0340000000e+01 2.1813027017205226e-02 2.7262886825771434e-02
9.1560000000e+01 2.1539465667847882e-02 1.8213032500130573e-02
9.2800000000e+01 2.1388104189879489e-02 2.1274045039474099e-02
9.4040000000e+01 2.1089369025320524e-02 2.5267963514270922e-02
9.5320000000e+01 2.0868366990012679e-02 1.8154308280554306e-02
9.6620000000e+01 2.0622301664406768e-02 1.9696006028691333e-02
9.7920000000e+01 2.0621659629652664e-02 2.5357356792660990e-02
9.9240000000e+01 2.0254724284499283e-02 1.2613601097473223e-02
1.0058000000e+02 2.0157732491292071e-02 2.8050732187118760e-02
1.0194000000e+02 1.9816910451909517e-02 1.5320981013061938e-02
1.0332000000e+02 1.9747801104466257e-02 2.2085322771990993e-02
1.0472000000e+02 1.9515154720297016e-02 2.1041742270369354e-02
1.0614000000e+02 1.9326073798536233e-02 1.7161494962798431e-02
1.0758000000e+02 1.9038434574093051e-02 2.1958435679795423e-02
1.0904000000e+02 1.8756041992459581e-02 1.7229094124131365e-02
1.1052000000e+02 1.8488653906128319e-02 1.8864896646162539e-02
1.1200000000e+02 1.8150191560809718e-02 1.9612067630643722e-02
1.1352000000e+02 1.7920330293490293e-02 1.5261251952622772e-02
1.1506000000e+02 1.7659489499720977e-02 2.1380029172230981e-02
1.1662000000e+02 1.7427127923915924e-02 1.3080535901759130e-02
1.1820000000e+02 1.7343805144120907e-02 2.2192676440751215e-02
1.1980000000e+02 1.7108946436088547e-02 1.2981901265397285e-02
1.2142000000e+02 1.7087822748321189e-02 2.0690654469994331e-02
1.2306000000e+02 1.6895188591617236e-02 1.5773185203182275e-02
1.2472000000e+02 1.6743849331544682e-02 1.7514210777004473e-02
1.2642000000e+02 1.6650287019743863e-02 1.6607839520901255e-02
1.2812000000e+02 1.6424985010341026e-02 1.8183570511476552e-02
1.2986000000e+02 1.6157737478326089e-02 1.2347760383429496e-02
1.3162000000e+02 1.6020743569069112e-02 1.9882576624691523e-02
1.3340000000e+02 1.5791305476454562e-02 1.3153760287635383e-02
1.3520000000e+02 1.5726888860732979e-02 1.7175148708495992e-02
1.3702000000e+02 1.5621222712960197e-02 1.4889860955789492e-02
1.3888000000e+02 1.5433304267942876e-02 1.8224376172714794e-02
1.4076000000e+02 1.5205035720647507e-02 1.0895790777452065e-02
1.4266000000e+02 1.5185652669519323e-02 1.9263056534267554e-02
1.4460000000e+02 1.4964663781222477e-02 1.1686209615600530e-02
1.4656000000e+02 1.4726919549752686e-02 1.7921442950991760e-02
1.4854000000e+02 1.4479237101913942e-02 1.3493656130898401e-02
1.5054000000e+02 1.4314092080332708e-02 1.3409024087108704e-02
1.5258000000e+02 1.4140491693419126e-02 1.4824489172923422e-02
1.5466000000e+02 1.3968745173280702e-02 1.2648795506902741e-02
1.5674000000e+02 1.3944956338934219e-02 1.8972419161343318e-02
1.5886000000e+02 1.3608023106820228e-02 1.0038001843557905e-02
1.6102000000e+02 1.3487125485210222e-02 1.1984675784394525e-02
1.6320000000e+02 1.3399655499312029e-02 1.5457569187661994e-02
1.6540000000e+02 1.3231620511938158e-02 1.1263616529247452e-02
1.6764000000e+02 1.3118603822731358e-02 1.5709740656534226e-02
1.6990000000e+02 1.2885908840057716e-02 1.3569190090324949e-02
1.7220000000e+02 1.2717631343760524e-02 1.0260082710757342e-02
1.7454000000e+02 1.2602029325582163e-02 1.5472942928300060e-02
1.7690000000e+02 1.2439248023148381e-02 1.4131711949926500e-02
1.7930000000e+02 1.2288431509645689e-02 9.7887260391807292e-03
1.8172000000e+02 1.2179380671554342e-02 1.1980244107062516e-02
1.8418000000e+02 1.2085109221205287e-02 1.2765854357023085e-02
1.8668000000e+02 1.1863141185182075e-02 7.8717079292859437e-03
1.8920000000e+02 1.1774459445707411e-02 9.0485517541751027e-03
1.9176000000e+02 1.1723609870847548e-02 1.3753695885068702e-02
1.9436000000e+02 1.1559165351830374e-02 1.2082832813206143e-02
1.9698000000e+02 1.1415494124950900e-02 8.6631411237883451e-03
1.9966000000e+02 1.1371218581005125e-02 1.0539226054766426e-02
2.0236000000e+02 1.1298515063537691e-02 1.4114573504739564e-02
2.0510000000e+02 1.1097557164571292e-02 1.3649475034016777e-02
2.0786000000e+02 1.0865221687553005e-02 1.0419612416015089e-02
2.1068000000e+02 1.0731195252750916e-02 9.4634559133715389e-03
2.1354000000e+02 1.0634513847630717e-02 1.1450987363229342e-02
2.1642000000e+02 1.0585502030638076e-02 1.3762215439490522e-02
2.1934000000e+02 1.0433764339416524e-02 1.3756870315087554e-02
2.2232000000e+02 1.0300367871101583e-02 1.1609710457362556e-02
2.2532000000e+02 1.0175592756109797e-02 9.4354453037439369e-03
2.2838000000e+02 1.0050113793018905e-02 8.7379506862350770e-03
2.3146000000e+02 9.9415103817636821e-03 8.9694900351365084e-03
2.3460000000e+02 9.8394118082383419e-03 8.7525187813515936e-03
2.3778000000e+02 9.7005529809720686e-03 8.4177792793284894e-03
2.4100000000e+02 9.5971054557695938e-03 9.6842502112359438e-03
2.4426000000e+02 9.5010094058201027e-03 1.1761554863892801e-02
2.4756000000e+02 9.4197922912310512e-03 1.2026677720517244e-02
2.5090000000e+02 9.3228347478593251e-03 1.1399285594577004e-02
2.5430000000e+02 9.2636446053230813e-03 1.1627599077291757e-02
2.5774000000e+02 9.1242252081732127e-03 1.0369256268420095e-02
2.6124000000e+02 8.9889119737612648e-03 1.0197597956629754e-02
2.6478000000e+02 8.9423252049119582e-03 1.2502549833509832e-02
2.6836000000e+02 8.7384055236384255e-03 1.0017374199462114e-02
2.7198000000e+02 8.6155838024700900e-03 9.6777299390249111e-03
2.7566000000e+02 8.5943403974555639e-03 1.1067614948277210e-02
2.7940000000e+02 8.4253542848275135e-03 9.0280666195058611e-03
2.8318000000e+02 8.3895771521469639e-03 8.5476402017236018e-03
2.8700000000e+02 8.2185565332289802e-03 7.0091271649324709e-03
2.9090000000e+02 8.1804282182456924e-03 7.2549430212176802e-03
2.9484000000e+02 8.0030405793831885e-03 5.6750377272885844e-03
2.9882000000e+02 7.9994126341772359e-03 8.4493557434809144e-03
3.0286000000e+02 7.9002467286023344e-03 8.8775625890932276e-03
3.0696000000e+02 7.8092253144058654e-03 9.3178257417927297e-03
3.1112000000e+02 7.7304746071525429e-03 7.7520098404096982e-03
3.1532000000e+02 7.6361411582131257e-03 6.3029765508013282e-03
3.1960000000e+02 7.5450508954230128e-03 6.4817777065038495e-03
3.2392000000e+02 7.4695881810870248e-03 9.9300539383765894e-03
3.2830000000e+02 7.2959587828706485e-03 7.1602439922138451e-03
3.3274000000e+02 7.2013662456919163e-03 5.7195271706990073e-03
3.3726000000e+02 7.1322240821650954e-03 6.5437143520035660e-03
3.4182000000e+02 7.1097251759903012e-03 8.9613284191269009e-03
3.4644000000e+02 6.9839347503313203e-03 6.1848920435234956e-03
3.5112000000e+02 6.8676078695637712e-03 5.2630755328965922e-03
3.5588000000e+02 6.8727170878268209e-03 7.9451791494865795e-03
3.6070000000e+02 6.7862105248963234e-03 5.9239975382915384e-03
3.6558000000e+02 6.7168444955735635e-03 7.3650535900671079e-03
3.7052000000e+02 6.6341126961250397e-03 6.4733418631840803e-03
3.7554000000e+02 6.5431101503681862e-03 6.8130204242491952e-03
3.8062000000e+02 6.5137582880380566e-03 8.4420583404995874e-03
3.8578000000e+02 6.3411416655778314e-03 5.7021799941501189e-03
3.9100000000e+02 6.3127655212719316e-03 7.2475251445913921e-03
3.9628000000e+02 6.2137609482704973e-03 5.1492409297824813e-03
4.0164000000e+02 6.1720104391827114e-03 6.5838604463947766e-03
4.0708000000e+02 6.0619299621091994e-03 5.4255432963991341e-03
4.1260000000e+02 6.0392868619751948e-03 5.4956952104667812e-03
4.1818000000e+02 5.9431489452244522e-03 6.8848243938692613e-03
4.2384000000e+02 5.8659452768392330e-03 5.1873743219543475e-03
4.2958000000e+02 5.8558980260706023e-03 7.0232442015329124e-03
4.3538000000e+02 5.7453547720569395e-03 6.1809898757125351e-03
4.4128000000e+02 5.6271557135271714e-03 4.2261434555073540e-03
4.4726000000e+02 5.5878322057582013e-03 5.7041710176748018e-03
4.5330000000e+02 5.5142629634810491e-03 5.8146705875111761e-03
4.5944000000e+02 5.4373316374579685e-03 5.2429931160586016e-03
4.6566000000e+02 5.4013528382742346e-03 4.9791656920430503e-03
4.7196000000e+02 5.3620893521204097e-03 5.1409393491799633e-03
4.7834000000e+02 5.3105628783073674e-03 6.0854280861356970e-03
4.8482000000e+02 5.1912896167532543e-03 5.6890021802582279e-03
4.9138000000e+02 5.1421303619533492e-03 6.3016335675868959e-03
4.9804000000e+02 5.0860616208805789e-03 5.2965665215092906e-03
5.0478000000e+02 4.9728463404923465e-03 4.1613434464066014e-03
5.1160000000e+02 4.9845249362171148e-03 5.2447057367738196e-03
5.1852000000e+02 4.8589459871445856e-03 3.8118906030699942e-03
5.2554000000e+02 4.8478232305490089e-03 4.4182004421084060e-03
5.3266000000e+02 4.7791953549325061e-03 4.0871565663316263e-03
5.3986000000e+02 4.7240067645104083e-03 5.1595396468435192e-03
5.4718000000e+02 4.6675147828058152e-03 5.3860507092778794e-03
5.5458000000e+02 4.6336451612539759e-03 5.5950518982379478e-03
5.6208000000e+02 4.5861165264748822e-03 5.7241460864198932e-03
5.6968000000e+02 4.5102957414035897e-03 4.1197462034106066e-03
5.7740000000e+02 4.4418947418277564e-03 3.3497441154549685e-03
5.8522000000e+02 4.4016455829694306e-03 4.5668556868342144e-03
5.9314000000e+02 4.3544338896089668e-03 5.5160992166414556e-03
6.0116000000e+02 4.2879417229352958e-03 4.3555848222934790e-03
6.0930000000e+02 4.2379926005429152e-03 3.8906972582695176e-03
6.1754000000e+02 4.1722363263730104e-03 4.3184314765433744e-03
6.2590000000e+02 4.1292640680277177e-03 3.0837415326155117e-03
6.3436000000e+02 4.0699703876717706e-03 4.1529263798428763e-03
6.4296000000e+02 4.0558681363373240e-03 3.7184990337237392e-03
6.5166000000e+02 3.9795324980769660e-03 3.7046892543411104e-03
6.6048000000e+02 3.9328082023279134e-03 3.8594663998709976e-03
6.6942000000e+02 3.8730213077027937e-03 4.0628563894691654e-03
6.7848000000e+02 3.8405346973789333e-03 3.5587409200380513e-03
6.8766000000e+02 3.7943709410558366e-03 4.0017706162244048e-03
6.9696000000e+02 3.7347836747710699e-03 3.2883265222857479e-03
7.0640000000e+02 3.7143997873300078e-03 3.6455606535874554e-03
7.1596000000e+02 3.6732249287684017e-03 3.8869555584511283e-03
7.2564000000e+02 3.6044770552994647e-03 3.7680108062902382e-03
7.3546000000e+02 3.5859565423406142e-03 3.8779933668133359e-03
7.4542000000e+02 3.5183620378058450e-03 2.9771613365895868e-03
7.5550000000e+02 3.5073445155280160e-03 3.2746394599527488e-03
7.6574000000e+02 3.4440539553478697e-03 3.2878947441165609e-03
7.7610000000e+02 3.3821666779098496e-03 2.6994555107770720e-03
7.8660000000e+02 3.3575944522741094e-03 2.8631845940643840e-03
7.9724000000e+02 3.3103274001142543e-03 2.7282073761177822e-03
8.0804000000e+02 3.2497779217463127e-03 2.3343284234274646e-03
8.1896000000e+02 3.2142235427993515e-03 2.7848134195980066e-03
8.3006000000e+02 3.2110302754906014e-03 3.6887577374042700e-03
8.4128000000e+02 3.1555325443134506e-03 3.1333572527268731e-03
8.5266000000e+02 3.1212477377493943e-03 2.8750610730640235e-03
8.6420000000e+02 3.0629350794801899e-03 2.2043736580520203e-03
8.7590000000e+02 3.0674956099837527e-03 3.9819645536748830e-03
8.8776000000e+02 3.0024951980665722e-03 2.6682573433195111e-03
8.9978000000e+02 2.9737195768123415e-03 3.2781351524124830e-03
9.1196000000e+02 2.9343779216231256e-03 2.7373905182245190e-03
9.2430000000e+02 2.9021197327937834e-03 3.4227483083215486e-03
9.3680000000e+02 2.8649452274203710e-03 2.4438300901912843e-03
9.4948000000e+02 2.8213997222752245e-03 3.0283326265821277e-03
9.6232000000e+02 2.7821500684983578e-03 2.5514426911429095e-03
9.7536000000e+02 2.7491776543612802e-03 2.2502861618441273e-03
9.8856000000e+02 2.7329887194937432e-03 2.7880025068621433e-03
1.0019400000e+03 2.7065579887223705e-03 3.3946152314034139e-03
1.0155000000e+03 2.6618637526696432e-03 3.1731942980938390e-03
1.0292400000e+03 2.6206664440305586e-03 2.9744337474839799e-03
1.0431600000e+03 2.6003146007682479e-03 3.1986493233779516e-03
1.0572800000e+03 2.5679506234435163e-03 2.9218036725496910e-03
1.0716000000e+03 2.5330155990216951e-03 3.0562332090149228e-03
1.0861000000e+03 2.5201001312018189e-03 3.1116452711430018e-03
1.1008000000e+03 2.4512619823493361e-03 1.9970173662078048e-03
1.1156800000e+03 2.4188284639903852e-03 1.8098314889405443e-03
1.1307800000e+03 2.4120363223679143e-03 2.7848448209162519e-03
1.1461000000e+03 2.3786931512465152e-03 2.2607037824582342e-03
1.1616000000e+03 2.3305766223815955e-03 2.2168190382485394e-03
1.1773200000e+03 2.3265862959529022e-03 2.3077812626309778e-03
1.1932600000e+03 2.2820682861233719e-03 2.3245835737763709e-03
1.2094000000e+03 2.2556281408884289e-03 1.8784746108256980e-03
1.2257800000e+03 2.2353636944139089e-03 2.4333096586746732e-03
1.2423600000e+03 2.1983854507266632e-03 2.4859207935969282e-03
1.2591800000e+03 2.1689181400369188e-03 2.2248755321097424e-03
1.2762200000e+03 2.1462651925596918e-03 2.1242616448663874e-03
1.2935000000e+03 2.1237544389552431e-03 1.7983093982571734e-03
1.3110000000e+03 2.0776308638102790e-03 1.4487918444789907e-03
1.3287400000e+03 2.0633311855783897e-03 1.6597450593417852e-03
1.3467200000e+03 2.0563555698608167e-03 2.3339653612377532e-03
1.3649400000e+03 2.0292571373634076e-03 2.2530007032301228e-03
1.3834200000e+03 1.9988257076875068e-03 1.9350648867229835e-03
1.4021400000e+03 1.9573612624519034e-03 1.6789733128448512e-03
1.4211200000e+03 1.9562555125195351e-03 2.3152184734653086e-03
1.4403600000e+03 1.9068749503353807e-03 1.7179104724269019e-03
1.4598400000e+03 1.9022390326777572e-03 2.0090226007809103e-03
1.4796000000e+03 1.8782764597596309e-03 2.2804354958785916e-03
1.4996200000e+03 1.8410935633949490e-03 1.6887300120727766e-03
1.5199200000e+03 1.8217797104245880e-03 1.6809955236168539e-03
1.5405000000e+03 1.8057297733424685e-03 1.7247323928266927e-03
1.5613400000e+03 1.7871715629849464e-03 1.9176548186703229e-03
1.5824800000e+03 1.7647355254253826e-03 1.8480957148456949e-03
1.6038800000e+03 1.7269224174040962e-03 1.3095865839903395e-03
1.6256000000e+03 1.7197397196525011e-03 1.6578881559832417e-03
1.6476000000e+03 1.6862553972601634e-03 1.8286255622077102e-03
1.6699000000e+03 1.6847895300253365e-03 1.7847889032483830e-03
1.6925000000e+03 1.6623069605290965e-03 2.0912166017374384e-03
1.7154000000e+03 1.6410729694405532e-03 1.7483034559601937e-03
1.7386200000e+03 1.6213104323725231e-03 2.0211041047293113e-03
1.7621400000e+03 1.5806495110266877e-03 1.5333842406844791e-03
1.7859800000e+03 1.5643928322562283e-03 1.3138212494300588e-03
1.8101600000e+03 1.5448503489523236e-03 1.2304817393878030e-03
1.8346600000e+03 1.5289359717086557e-03 1.2605161066227279e-03
1.8594800000e+03 1.5031423608875701e-03 1.4506451094556919e-03
1.8846600000e+03 1.4973692057624972e-03 1.7646635746305915e-03
1.9101600000e+03 1.4752398311044523e-03 1.7050467858236731e-03
1.9360200000e+03 1.4497834678717338e-03 1.3500875558812048e-03
1.9622200000e+03 1.4518133751960417e-03 1.9239604319752502e-03
1.9887600000e+03 1.4056586809019513e-03 1.0292972023465763e-03
2.0156800000e+03 1.4095053327072581e-03 1.4923962642958560e-03
2.0429600000e+03 1.3864526957319684e-03 1.4506806686789306e-03
2.0706200000e+03 1.3751172574614078e-03 1.5722798297309966e-03
2.0986400000e+03 1.3470353144689774e-03 1.4903332374790214e-03
2.1270400000e+03 1.3398655451268310e-03 1.3974402474481759e-03
2.1558200000e+03 1.3118584852121623e-03 9.8436694842490022e-04
2.1850000000e+03 1.2996231058854800e-03 1.4784303995697473e-03
2.2145800000e+03 1.2760175893232113e-03 1.1331712744506470e-03
2.2445400000e+03 1.2690034780072721e-03 1.5622192715062967e-03
2.2749200000e+03 1.2450280429800488e-03 1.0149894162144132e-03
2.3057000000e+03 1.2243161925745661e-03 9.5185991004207273e-04
2.3369200000e+03 1.2204274463864869e-03 1.1810162998195576e-03
2.3685400000e+03 1.1932848754193119e-03 9.4226943735948091e-04
2.4006000000e+03 1.1775729311807642e-03 1.0101410762577525e-03
2.4330800000e+03 1.1747738487058591e-03 1.2358969063153489e-03
2.4660200000e+03 1.1550000499121024e-03 1.1677233265240854e-03
2.4993800000e+03 1.1374197488865894e-03 1.2305057519879012e-03
2.5332200000e+03 1.1174669407882714e-03 8.3876147151554551e-04
2.5675000000e+03 1.1139378379345657e-03 1.0506895180275508e-03
2.6022400000e+03 1.1077582156357642e-03 1.1873669358670352e-03
2.6374600000e+03 1.0883355633859904e-03 1.0147604566393420e-03
2.6731600000e+03 1.0643655986435697e-03 9.6486837216308683e-04
2.7093400000e+03 1.0624072192092309e-03 1.3639899268115083e-03
2.7460000000e+03 1.0406161526082863e-03 8.8943743204284169e-04
2.7831600000e+03 1.0305737327613218e-03 1.2100249678117267e-03
2.8208200000e+03 1.0135031876700280e-03 1.0329848747189499e-03
2.8590000000e+03 9.9802521583091611e-04 9.9790079382730589e-04
2.8977000000e+03 9.9447275184729855e-04 1.0899519241136871e-03
2.9369200000e+03 9.7565782220297237e-04 1.0028144786558123e-03
2.9766600000e+03 9.6394199041935694e-04 8.5762555494378395e-04
3.0169400000e+03 9.5764995775238465e-04 1.0816512148871023e-03
3.0577800000e+03 9.4255411932772583e-04 9.6886889393558561e-04
3.0991600000e+03 9.2893623843092875e-04 7.7129102118754804e-04
3.1411000000e+03 9.1281096398777980e-04 7.8399012038244818e-04
3.1836200000e+03 8.9766346105571112e-04 7.9016335996525972e-04
3.2267000000e+03 8.9419989337332641e-04 9.1458539786947531e-04
3.2703600000e+03 8.7591181788484302e-04 6.9247689494580738e-04
3.3146200000e+03 8.6486837744338533e-04 7.1008467365363368e-04
3.3594800000e+03 8.6817217948739148e-04 1.0311523574859129e-03
3.4049600000e+03 8.5073289922638518e-04 9.4451142465860958e-04
3.4510400000e+03 8.4168551651986714e-04 8.2194336244739794e-04
3.4977400000e+03 8.2571093641168312e-04 8.4531742329187101e-04
3.5450800000e+03 8.1655474754899161e-04 8.0057819333964522e-04
3.5930600000e+03 8.1285238234703931e-04 1.0305300123183841e-03
3.6416800000e+03 8.0454379882141679e-04 1.0623769756084960e-03
3.6909600000e+03 7.8513021954823244e-04 8.4585967698712773e-04
3.7409200000e+03 7.7681908656582221e-04 7.3998174542421770e-04
3.7915600000e+03 7.6138828873646247e-04 7.6495148239038181e-04
3.8428600000e+03 7.5787763645277363e-04 6.6564333137033140e-04
3.8948800000e+03 7.4340635533569962e-04 5.5739117384989668e-04
3.9475800000e+03 7.3976482047317439e-04 7.2843904047001785e-04
4.0010000000e+03 7.3151684736027112e-04 8.7408620839690004e-04
4.0551600000e+03 7.1774609154450885e-04 7.3525991883655484e-04
4.1100400000e+03 7.0633396001255563e-04 7.2182001125685924e-04
4.1656600000e+03 7.0763132029683627e-04 9.4689038992706084e-04
4.2220400000e+03 6.9859755239496139e-04 9.1478708415182160e-04
4.2791800000e+03 6.7843682347858082e-04 5.6555579283858149e-04
4.3371000000e+03 6.7079159148908829e-04 7.2805046491952676e-04
4.3957800000e+03 6.6803798500609428e-04 7.6529765746006638e-04
4.4552800000e+03 6.6167156727992655e-04 8.2605919748239586e-04
4.5155800000e+03 6.4541025633122590e-04 6.2839455346475916e-04
4.5766800000e+03 6.3859148969310918e-04 6.3145977107716220e-04
4.6386200000e+03 6.3001981467698104e-04 5.6207438205717515e-04
4.7014000000e+03 6.1976776748046310e-04 5.6236314100574058e-04
4.7650400000e+03 6.0980161521370483e-04 4.0564547390596042e-04
4.8295200000e+03 6.0511353851231526e-04 6.4863318719434056e-04
4.8948800000e+03 5.9627595565779352e-04 5.7694225833819762e-04
4.9611200000e+03 5.9322728938141173e-04 6.0919051173755024e-04
5.0282800000e+03 5.8911094945162377e-04 7.1886372048793530e-04
5.0963200000e+03 5.7279862657101015e-04 4.1661402926503228e-04
5.1653000000e+03 5.7309881757717596e-04 6.3656848890686693e-04
5.2352000000e+03 5.6292457159233902e-04 5.6275901172692881e-04
5.3060600000e+03 5.5189251687903936e-04 4.2250202202226308e-04
5.3778600000e+03 5.4666194102901268e-04 6.4021567717124190e-04
5.4506400000e+03 5.3903238472553946e-04 5.1521361995246246e-04
5.5244200000e+03 5.3279671359673887e-04 5.8602911902226541e-04
5.5991800000e+03 5.2545663237516503e-04 4.7174328230410625e-04
5.6749600000e+03 5.1776743322655904e-04 5.6015360537986459e-04
5.7517600000e+03 5.1520463929860311e-04 6.1466754879524856e-04
5.8296000000e+03 5.1039043622284170e-04 5.2628192779813636e-04
5.9085000000e+03 5.0050275100855547e-04 6.1101167548514217e-04
5.9884600000e+03 4.9547349100717022e-04 5.6776743899340787e-04
6.0695000000e+03 4.8614981466863177e-04 5.2835969780111610e-04
6.1516400000e+03 4.7843253299445851e-04 3.8641890994083370e-04
6.2349000000e+03 4.7679889463210024e-04 4.5714570971427970e-04
6.3192800000e+03 4.6667026218690942e-04 4.0703420827190712e-04
6.4048000000e+03 4.6287337280679150e-04 5.3845773415071483e-04
6.4914800000e+03 4.5617452531181190e-04 5.2290753590175708e-04
6.5793400001e+03 4.5550857749013045e-04 6.1028464929458695e-04
6.6683800001e+03 4.4074240023480942e-04 3.2199876747023785e-04
6.7586400001e+03 4.3719999770615206e-04 4.0471847430107030e-04
6.8501000001e+03 4.2871764803019500e-04 2.9247736328854023e-04
6.9428000001e+03 4.2590111747828514e-04 4.4113607457780835e-04
7.0367800001e+03 4.2567707367051387e-04 5.1281521263319015e-04
7.1320000001e+03 4.1622378120482594e-04 4.2476781704063691e-04
7.2285200001e+03 4.1483921205309803e-04 5.3409673427303860e-04
7.3263600001e+03 4.0752971908690098e-04 4.7185023030057836e-04
7.4255000001e+03 3.9942880282882822e-04 3.1993291635725167e-04
7.5260000001e+03 3.9728062065120005e-04 4.6597790207937519e-04
7.6278600001e+03 3.9368657965234562e-04 4.2969084143323151e-04
7.7311000001e+03 3.8424529117514060e-04 3.6943545138951598e-04
7.8357200001e+03 3.7775208150399791e-04 3.4144699429418336e-04
7.9417600001e+03 3.7755480892263460e-04 4.2000868995767957e-04
8.0492400001e+03 3.6780260725995762e-04 3.6462453603330219e-04
8.1581800001e+03 3.6960691736997455e-04 4.6924839744201524e-04
8.2686000001e+03 3.5856893146719583e-04 3.4877310089369837e-04
8.3805000001e+03 3.5671164353259668e-04 3.3682508485034931e-04
8.4939200001e+03 3.4929998502711306e-04 3.0638605326845000e-04
8.6088800001e+03 3.4922077041399195e-04 3.9344284001872724e-04
8.7253800001e+03 3.4063378171844460e-04 2.5747547952562392e-04
8.8434600001e+03 3.3862925913008080e-04 3.4603269834368531e-04
8.9631600001e+03 3.3186849952218428e-04 2.5415670692112858e-04
9.0844600001e+03 3.3126612677817220e-04 3.3170142274756769e-04
9.2074000001e+03 3.2169896828777975e-04 2.1573472779752429e-04
9.3320200001e+03 3.2024224317060701e-04 3.2705308817769269e-04
9.4583200001e+03 3.1753782450084526e-04 3.1368550195048233e-04
9.5863200001e+03 3.1402521061375506e-04 3.8171808995263689e-04
9.7160600001e+03 3.0746024193747300e-04 3.1650994350580829e-04
9.8475600001e+03 3.0310255772468401e-04 2.9480106232076061e-04
9.9808200001e+03 3.0097659449551320e-04 3.1728000267663910e-04
1.0115900000e+04 2.9738658309449203e-04 2.9037099280059919e-04
1.0252800000e+04 2.9058853527823026e-04 2.6583940295463052e-04
1.0391560000e+04 2.8673708722721792e-04 2.0723516566333830e-04
1.0532200000e+04 2.8738713007315950e-04 3.2896229385976890e-04
1.0674740000e+04 2.7886722886202300e-04 2.2784971148691462e-04
1.0819220000e+04 2.7779740569621993e-04 3.1070860058521419e-04
1.0965640000e+04 2.7402343802342962e-04 3.2356059612774658e-04
1.1114040000e+04 2.7134790471353636e-04 2.4947533134561537e-04
1.1264460000e+04 2.6394092027443082e-04 1.7214103041228180e-04
1.1416900000e+04 2.6306956575609567e-04 2.8425753926477791e-04
1.1571420000e+04 2.6256347275189227e-04 2.8214906541382836e-04
1.1728020000e+04 2.5856865895796896e-04 3.0432865518514516e-04
1.1886740000e+04 2.5462367795880194e-04 2.5874616254474607e-04
1.2047620000e+04 2.4794651586783697e-04 2.1844586819271574e-04
1.2210660000e+04 2.4516405110756650e-04 1.9996531036980443e-04
1.2375920000e+04 2.4489298927015047e-04 2.5391005363648370e-04
1.2543420000e+04 2.4085952754057568e-04 2.3273970369531825e-04
1.2713180000e+04 2.3709879476840014e-04 2.2387690474517125e-04
1.2885220000e+04 2.3347179837786248e-04 1.7669330818200545e-04
1.3059620000e+04 2.2950125918456968e-04 1.7654135783801898e-04
1.3236360000e+04 2.2731964180223210e-04 2.2919397171478460e-04
1.3415500000e+04 2.2627086276983004e-04 2.1868141181976864e-04
1.3597060000e+04 2.2182751926253994e-04 2.0726062513765759e-04
1.3781080000e+04 2.2088616155482149e-04 2.5584603633948730e-04
1.3967580000e+04 2.1498738984792264e-04 1.7121936783221980e-04
1.4156620000e+04 2.1142055334466759e-04 1.5624177379419774e-04
1.4348200000e+04 2.1083237774299386e-04 1.8058482418965889e-04
1.4542400000e+04 2.0852428240659439e-04 2.4507273405471283e-04
1.4739200000e+04 2.0614311950758470e-04 1.9673484653064444e-04
1.4938680000e+04 2.0244266790551518e-04 1.6238643665701489e-04
1.5140860000e+04 1.9916868383708169e-04 1.7872799008763359e-04
1.5345760000e+04 1.9962010504081466e-04 2.5911285500573010e-04
1.5553460000e+04 1.9435749146373314e-04 1.4779170523586220e-04
1.5763940000e+04 1.9094641054303920e-04 1.7188399218120341e-04
1.5977300000e+04 1.8930266562624788e-04 2.0683467005831358e-04
1.6193520000e+04 1.8752604717729913e-04 1.9337217943795376e-04
1.6412680000e+04 1.8550563897291156e-04 1.5727974997136116e-04
1.6634800000e+04 1.8407475065430046e-04 2.2894848162456917e-04
1.6859940000e+04 1.7808719197405479e-04 1.2128298080893446e-04
1.7088120000e+04 1.7780864420950465e-04 1.9651081824900165e-04
1.7319380000e+04 1.7678661189339106e-04 1.9486597129275500e-04
1.7553780000e+04 1.7414139956788277e-04 1.7383123270772074e-04
1.7791340000e+04 1.7219087678456448e-04 1.8509358780605117e-04
1.8032120000e+04 1.7010931545033517e-04 1.9819500682848973e-04
1.8276160000e+04 1.6838731696483699e-04 2.0842971072161957e-04
1.8523520000e+04 1.6407223703708481e-04 1.7270603942096029e-04
1.8774200000e+04 1.6267375963708111e-04 1.6809576912740399e-04
1.9028280000e+04 1.5906205737702182e-04 1.4067952805409898e-04
1.9285820000e+04 1.5779662799173894e-04 1.7399475142787578e-04
1.9546820000e+04 1.5679541106550105e-04 1.9239944414891843e-04
1.9811360000e+04 1.5246046050236743e-04 1.2367728100531666e-04
2.0079480000e+04 1.5125307198404959e-04 1.3250796612461859e-04
2.0351240000e+04 1.5067822223151860e-04 1.7635135926326789e-04
2.0626660000e+04 1.4770823404533314e-04 1.6613295676220236e-04
2.0905820000e+04 1.4615130821468320e-04 1.7203436357835427e-04
2.1188740000e+04 1.4397676222489624e-04 1.5636195563034519e-04
2.1475520000e+04 1.4164859351991634e-04 1.5324627948197766e-04
2.1766160000e+04 1.4059334525181577e-04 1.3559382643841506e-04
2.2060740000e+04 1.3741805514974896e-04 1.1970897732862320e-04
2.2359300000e+04 1.3630572114648490e-04 1.4490697994206210e-04
2.2661900000e+04 1.3544420939607678e-04 1.4300480229992069e-04
2.2968600000e+04 1.3199550682513577e-04 1.0027391796017633e-04
2.3279440000e+04 1.3031493705078142e-04 9.5384192969654775e-05
2.3594500000e+04 1.3031921074157084e-04 1.4347693714890283e-04
2.3913820000e+04 1.2795017440115334e-04 1.2317667717149701e-04
2.4237460000e+04 1.2700774506981411e-04 1.3684013157882932e-04
2.4565500000e+04 1.2440080154260536e-04 1.2868258272587881e-04
2.4897960000e+04 1.2214524706276661e-04 1.2349309435330375e-04
2.5234920000e+04 1.2053802083788543e-04 9.5835263650932391e-05
2.5576440000e+04 1.2036871372497694e-04 1.2927841487489727e-04
2.5922580000e+04 1.1877810407578470e-04 1.0528381045148644e-04
2.6273400000e+04 1.1748576089420619e-04 1.3417394843906258e-04
2.6628980000e+04 1.1373926441230400e-04 8.5638852904679034e-05
2.6989380000e+04 1.1477374585087732e-04 1.4120865082580748e-04
2.7354640001e+04 1.1202445895856176e-04 9.8487813870992865e-05
2.7724860001e+04 1.1004627659152554e-04 8.2147460625807596e-05
2.8100080001e+04 1.0984465615832540e-04 1.2437482865584879e-04
2.8480360001e+04 1.0684541086653873e-04 9.4990543568016753e-05
2.8865820001e+04 1.0612531008149536e-04 1.1595088618399074e-04
2.9256480001e+04 1.0577231802331835e-04 1.3617268129764259e-04
2.9652420001e+04 1.0351655788330097e-04 1.0333642758312615e-04
3.0053740001e+04 1.0319296012837296e-04 1.0683016389295772e-04
3.0460460001e+04 1.0138148066709998e-04 1.0365117424612934e-04
3.0872720001e+04 9.8695453056143507e-05 7.9928471714257971e-05
3.1290540001e+04 9.8303046022060454e-05 1.0029117605305600e-04
3.1714020001e+04 9.6114993853564152e-05 7.5649131381121240e-05
3.2143220001e+04 9.6012657429812116e-05 9.0825581064538443e-05
3.2578240001e+04 9.4412108585287765e-05 9.9721241173632676e-05
3.3019140001e+04 9.4441777482005587e-05 1.0831295378006314e-04
3.3466020001e+04 9.2262998361949174e-05 9.9076238669165565e-05
3.3918940000e+04 9.0080523560265175e-05 8.8201735088812362e-05
3.4377980000e+04 8.9885280361620229e-05 8.6648768746356436e-05
3.4843240000e+04 8.8742382045233298e-05 7.7518621984354211e-05
3.5314800000e+04 8.6661779380195787e-05 6.9221086311216848e-05
3.5792740000e+04 8.6520083788866950e-05 8.1008532075139218e-05
3.6277140000e+04 8.5985420400470401e-05 1.0847821700234994e-04
3.6768120000e+04 8.3660707944000591e-05 7.4432634171436456e-05
3.7265720000e+04 8.3595090325509362e-05 1.0394246781523736e-04
3.7770060000e+04 8.2084739840410800e-05 7.9553921651831353e-05
3.8281240000e+04 8.0640892803759498e-05 8.3575021998341596e-05
3.8799320000e+04 7.9868266060138807e-05 8.2677852291764082e-05
3.9324420000e+04 7.8557485999260150e-05 6.4986891300149345e-05
3.9856619999e+04 7.7961270502918467e-05 8.8119712297553000e-05
4.0396039999e+04 7.6897569484963411e-05 7.3885829695708799e-05
4.0942739999e+04 7.6045664380072097e-05 9.2867606586018696e-05
4.1496839999e+04 7.3615808590506433e-05 4.9664266917029756e-05
4.2058459999e+04 7.4046338444117081e-05 6.9589997076806753e-05
4.2627659999e+04 7.2118723357598283e-05 6.0745336105818214e-05
4.3204579999e+04 7.1503384824617264e-05 5.6293128822056495e-05
4.3789299999e+04 7.1397257101237063e-05 8.6599030118052870e-05
4.4381919999e+04 6.9986619554174162e-05 7.0459059068959411e-05
4.4982579999e+04 6.9194354638225377e-05 6.7991895828253016e-05
4.5591359999e+04 6.7602327116497675e-05 7.3964334023909957e-05
4.6208379998e+04 6.6437447095868101e-05 4.9640216233188858e-05
4.6833739998e+04 6.6346828731758177e-05 6.4677074158990842e-05
4.7467579998e+04 6.5625169635505305e-05 7.5546857183080875e-05
4.8109999998e+04 6.4138978780467118e-05 6.6453919711719850e-05
4.8761099998e+04 6.3279658828261140e-05 4.8894176207675238e-05
4.9421019998e+04 6.2754524771783065e-05 5.3325502735163526e-05
5.0089859998e+04 6.1746703143845179e-05 6.6004521702928118e-05
5.0767759998e+04 6.0759305046829639e-05 6.4601149972869559e-05
5.1454839998e+04 5.9925893824287771e-05 5.4569987327572468e-05
5.2151219998e+04 5.9325984602305685e-05 6.1267913740350346e-05
5.2857019997e+04 5.8697524594913527e-05 6.0189110278779411e-05
5.3572379997e+04 5.8546589905670195e-05 7.1555256759570909e-05
5.4297399997e+04 5.7388993298260911e-05 5.2456637508747175e-05
5.5032239997e+04 5.7017048750431290e-05 6.9065647953688388e-05
5.5777039997e+04 5.6088136385146797e-05 5.7542747795960936e-05
5.6531899997e+04 5.4994729896173614e-05 4.5392566965856149e-05
5.7296999997e+04 5.4001850928459863e-05 4.0971463258058187e-05
5.8072439997e+04 5.3626492912573718e-05 4.6777749549244479e-05
5.8858379996e+04 5.3140001057319701e-05 4.5471319360482475e-05
5.9654939996e+04 5.1858727172919031e-05 3.9564132107534462e-05
6.0462299996e+04 5.1057291429334138e-05 4.7123242483341785e-05
6.1280579996e+04 5.0525103780202099e-05 5.1664181313810915e-05
6.2109919996e+04 5.0185000698028218e-05 4.4081335235714419e-05
6.2950499996e+04 4.9279934691758698e-05 5.1540108575723652e-05
6.3802459996e+04 4.8511705209149665e-05 4.7668822892260102e-05
6.4665939996e+04 4.8424629021588081e-05 4.7798805207656430e-05
6.5541119995e+04 4.7270910894113277e-05 5.0317159078382031e-05
6.6428119996e+04 4.6863244995511910e-05 5.2820409041870714e-05
6.7327139996e+04 4.6134598080495823e-05 4.2278249916399069e-05
6.8238339996e+04 4.5692853484060345e-05 5.1250924253384966e-05
6.9161859996e+04 4.4754743661037073e-05 3.6818213962799706e-05
7.0097859996e+04 4.4698220765840936e-05 4.0917293988531363e-05
7.1046559996e+04 4.3631131632988048e-05 3.8909932460889437e-05
7.2008079997e+04 4.2979162053686709e-05 3.4412073127425768e-05
7.2982619997e+04 4.2903726893990934e-05 3.6163026772732590e-05
7.3970339997e+04 4.2438493703525777e-05 3.9927343901430241e-05
7.4971439997e+04 4.1985743708124238e-05 5.0982940237197034e-05
7.5986079998e+04 4.1437771446245091e-05 4.0350268821848853e-05
7.7014439998e+04 4.0800332502038600e-05 4.7532449295028867e-05
7.8056739998e+04 4.0198741982139870e-05 3.6371541294872052e-05
7.9113139998e+04 3.9676011990265393e-05 4.2508993842173373e-05
8.0183819998e+04 3.8998442218500921e-05 3.4782381092634866e-05
8.1269019999e+04 3.8847956419918079e-05 4.4359218674715380e-05
8.2368879999e+04 3.7943488685416243e-05 4.2550927434014200e-05
8.3483639999e+04 3.7586434169081867e-05 4.0840916342304670e-05
8.4613479999e+04 3.6879191485007928e-05 3.5596601063947328e-05
8.5758619999e+04 3.6458407818974963e-05 3.0549495330315069e-05
8.6919260000e+04 3.6211428353753078e-05 4.1516757106577518e-05
8.8095600000e+04 3.5669364831070207e-05 3.6288045568519148e-05
8.9287860000e+04 3.5210742497775567e-05 4.2179729443363910e-05
9.0496240000e+04 3.4621178428810544e-05 3.6615774936801619e-05
9.1721000001e+04 3.4263263554913144e-05 3.1011984810147912e-05
9.2962320001e+04 3.3689544186469902e-05 3.9094357693471768e-05
9.4220440001e+04 3.3285622414618249e-05 3.2090835115273212e-05
9.5495600001e+04 3.3016257451284375e-05 2.9991192655427227e-05
9.6788020002e+04 3.2371449072772850e-05 2.7466184950781894e-05
9.8097920002e+04 3.2052442637122740e-05 2.8280951184949365e-05
9.9425540002e+04 3.1708611833756316e-05 3.1271864532845790e-05
1.0077114000e+05 3.1355336018471152e-05 3.7857920260624378e-05
1.0213494000e+05 3.0898565451009164e-05 2.8885530026178395e-05
1.0351720000e+05 3.0503516475750387e-05 3.4296539179152577e-05
1.0491818000e+05 2.9785983728546397e-05 2.7881033316398546e-05
1.0633812000e+05 2.9281467461338965e-05 2.8912909258932087e-05
1.0777726000e+05 2.9444876639064245e-05 3.7216327709152963e-05
1.0923588000e+05 2.8899813144845571e-05 2.6231887141014675e-05
1.1071426000e+05 2.8256343488260697e-05 2.6876380038122155e-05
1.1221262000e+05 2.7826530470287645e-05 2.6337358721917685e-05
1.1373128001e+05 2.7564521301404891e-05 2.2081305106548043e-05
1.1527048001e+05 2.7244535526645146e-05 2.4943558763266408e-05
1.1683052001e+05 2.7144680377378477e-05 3.1250277521034623e-05
1.1841168001e+05 2.6474865732692258e-05 2.3799054180557034e-05
1.2001422001e+05 2.6023357371723825e-05 2.0113592303925265e-05
1.2163846001e+05 2.5768578251508621e-05 2.1152673550984854e-05
1.2328468001e+05 2.5450199108087340e-05 2.8304663268390052e-05
1.2495318001e+05 2.4918608854629051e-05 1.9526031591739440e-05
1.2664426001e+05 2.4834851824138603e-05 2.6220753256520861e-05
1.2835824001e+05 2.4605793310789607e-05 2.1709961204518328e-05
1.3009540001e+05 2.4458681433788810e-05 2.9789489470778859e-05
1.3185606001e+05 2.3773214443036724e-05 2.5743136372559581e-05
1.3364056001e+05 2.3470832833842571e-05 2.4968796825419861e-05
1.3544922001e+05 2.3178942278742931e-05 2.6099611738688722e-05
1.3728236001e+05 2.2784636672638442e-05 2.1797887240854633e-05
1.3914030000e+05 2.2699793358411377e-05 2.1975586604950032e-05
1.4102338000e+05 2.2170359628772684e-05 2.0962764409672374e-05
1.4293194000e+05 2.2301422851847689e-05 2.4353094539802875e-05
1.4486634000e+05 2.1724962388136265e-05 2.3767313576293652e-05
1.4682692000e+05 2.1528402649794655e-05 1.8464816411585303e-05
1.4881404000e+05 2.1226968707452815e-05 1.7006345999236552e-05
1.5082804000e+05 2.1141934449145483e-05 2.6258289753260236e-05
1.5286930000e+05 2.0387963748461339e-05 1.3741534903649143e-05
1.5493820000e+05 2.0521877832675493e-05 2.3943581580833921e-05
1.5703508000e+05 2.0195213965643128e-05 2.0928562945002415e-05
1.5916035999e+05 1.9994739179560150e-05 2.1870847912286390e-05
1.6131437999e+05 1.9387514392687295e-05 1.3798291097352129e-05
1.6349755999e+05 1.9311416844529335e-05 1.6385341727195552e-05
1.6571029999e+05 1.9124346699172150e-05 2.1621835825826586e-05
1.6795295999e+05 1.8967783858311027e-05 1.8528721381449191e-05
1.7022599999e+05 1.8617347754536391e-05 2.1515544793750944e-05
1.7252977999e+05 1.8173994427386434e-05 1.6407160104369341e-05
1.7486475999e+05 1.8319739827023461e-05 2.1692455937515805e-05
1.7723131998e+05 1.7960035411077927e-05 1.9075049586736660e-05
1.7962991998e+05 1.7711999073368361e-05 1.6443821714128037e-05
1.8206097998e+05 1.7239832202237097e-05 1.3948573346794523e-05
1.8452493998e+05 1.7113240589511608e-05 1.8622122769031112e-05
1.8702223998e+05 1.7015991256465926e-05 1.8251226862345314e-05
1.8955335998e+05 1.6703232397549575e-05 1.7919978903434077e-05
1.9211871998e+05 1.6569846384509771e-05 1.7022621848065917e-05
1.9471879998e+05 1.6374215015521219e-05 1.7769394833227266e-05
1.9735405997e+05 1.5938927785367646e-05 1.3746960356448940e-05
2.0002499997e+05 1.5878907613724729e-05 1.7957320993316167e-05
2.0273207997e+05 1.5748035285220505e-05 1.8799049853857561e-05
2.0547577997e+05 1.5322660081800356e-05 1.2814281656779147e-05
2.0825663997e+05 1.5272254060130862e-05 1.6995397941628430e-05
2.1107511997e+05 1.5174835222550067e-05 1.9507578335305520e-05
2.1393175997e+05 1.4720586464088677e-05 1.4154299040976589e-05
2.1682703996e+05 1.4515456677070048e-05 1.4033834296287111e-05
2.1976151996e+05 1.4438475565106978e-05 1.5931974603880042e-05
2.2273569996e+05 1.4289893636376285e-05 1.2383077002953994e-05
2.2575013996e+05 1.3946758412205123e-05 1.0682029243039837e-05
2.2880537996e+05 1.3843127058029877e-05 1.1482248485616423e-05
2.3190197996e+05 1.3666782968351296e-05 1.5562959752399300e-05
2.3504045995e+05 1.3589071091804306e-05 1.2769668121318444e-05
2.3822143995e+05 1.3244217207397885e-05 1.1009450163373011e-05
2.4144545995e+05 1.3043967891353576e-05 8.8808579798402110e-06
2.4471309995e+05 1.3046581080843209e-05 1.6285925646033626e-05
2.4802497995e+05 1.2899974150496702e-05 1.2854837615548899e-05
2.5138167995e+05 1.2741940087395228e-05 1.2361869089303222e-05
2.5478379994e+05 1.2343485655226865e-05 8.8022663793500708e-06
2.5823197994e+05 1.2178363076384309e-05 1.0108560700329850e-05
2.6172681994e+05 1.2248980968738059e-05 1.1654856425473068e-05
2.6526895994e+05 1.1861013853496929e-05 8.7625772709974055e-06
2.6885901995e+05 1.1714819203380676e-05 8.4102660685582082e-06
2.7249767995e+05 1.1673739903051251e-05 1.0956561435889952e-05
2.7618559995e+05 1.1460672224826504e-05 1.0930658771416124e-05
2.7992339996e+05 1.1280152485749182e-05 8.4565730656298127e-06
2.8371179996e+05 1.1170979647389658e-05 1.2109965580938111e-05
2.8755147996e+05 1.1052276728953653e-05 9.2820469518789186e-06
2.9144311997e+05 1.0948483562330719e-05 1.0357753672768503e-05
2.9538741997e+05 1.0764042903611059e-05 1.2128512502463235e-05
2.9938511997e+05 1.0726392285591076e-05 1.0978583603788911e-05
3.0343689998e+05 1.0601100348452972e-05 1.1889450873553744e-05
3.0754353998e+05 1.0435373001128585e-05 9.6257755206404598e-06
3.1170573999e+05 1.0173782732470160e-05 9.6541899518366148e-06
3.1592427999e+05 1.0183353882027839e-05 1.2242292522490672e-05
3.2019989999e+05 9.9692722523494800e-06 9.9910539679103456e-06
3.2453340000e+05 9.7967747768380933e-06 1.0442600765322810e-05
3.2892554000e+05 9.7302541388248052e-06 8.6974232649226396e-06
3.3337712001e+05 9.6222335413260098e-06 1.0820717448009501e-05
3.3788896001e+05 9.5388771733784640e-06 1.1444501981745218e-05
3.4246184001e+05 9.4080361756574865e-06 9.6639206306182049e-06
3.4709662002e+05 9.1553567610986563e-06 8.0981169272753904e-06
3.5179412002e+05 9.0511796938474046e-06 8.2409196051578319e-06
3.5655520003e+05 8.9945791102226655e-06 8.7240924338303312e-06
3.6138072003e+05 8.8234558110717498e-06 9.9148727641731645e-06
3.6627154004e+05 8.7577598538929508e-06 7.5215499169625345e-06
3.7122856004e+05 8.6550160470455225e-06 9.1145096151116504e-06
3.7625266005e+05 8.5248872040885176e-06 8.4330774339093978e-06
3.8134476005e+05 8.4561082313055740e-06 9.3814591760783099e-06
3.8650576006e+05 8.3108065858523436e-06 9.4589230485300003e-06
3.9173662006e+05 8.0752072141201248e-06 5.8299309783337066e-06
3.9703828007e+05 8.0320484492357956e-06 7.0043451603280071e-06
4.0241168007e+05 8.0476133421243963e-06 9.7770480798879236e-06
4.0785780008e+05 7.9311968459235529e-06 8.3652511903492219e-06
4.1337762008e+05 7.6798075746244491e-06 6.8767826347558959e-06
4.1897216009e+05 7.6408328463189533e-06 6.7755144795707523e-06
4.2464240009e+05 7.6273995692072212e-06 9.7824001877654896e-06
4.3038940010e+05 7.3979988986351072e-06 5.5055192425639513e-06
4.3621416010e+05 7.3708511549602445e-06 7.2731807587251025e-06
4.4211776011e+05 7.2946414927542817e-06 6.6630801937251570e-06
4.4810126011e+05 7.1160994645633770e-06 6.8261455675515959e-06
4.5416572012e+05 7.0253075487146749e-06 7.4131441825120956e-06
4.6031228012e+05 7.0244895001509242e-06 8.4488624804491045e-06
4.6654200013e+05 6.8103834652871710e-06 5.5523597422673654e-06
4.7285604014e+05 6.8169679498751991e-06 5.9034342410610314e-06
4.7925554014e+05 6.6319073358676658e-06 5.9144301486919117e-06
4.8574166015e+05 6.6596212606798238e-06 7.6811299796665900e-06
4.9231554015e+05 6.5768657784324389e-06 7.9791327903267820e-06
4.9897840016e+05 6.3978882959012352e-06 6.5091987991360655e-06
5.0573142017e+05 6.3225274016398434e-06 5.3611724232488354e-06
5.1257584017e+05 6.3440095069978126e-06 8.2890483680307480e-06
5.1951290018e+05 6.1565030955157069e-06 6.0029200683970951e-06
5.2654384019e+05 6.0709388023306526e-06 5.5386990924328310e-06
5.3366994019e+05 6.0474035618673757e-06 5.5098332111076067e-06
5.4089246020e+05 5.8972195243762378e-06 4.8947165676297381e-06
5.4821276021e+05 5.7980943382780030e-06 4.1054511369234392e-06
5.5563210021e+05 5.7175065029799070e-06 4.8600972589120642e-06
5.6315186022e+05 5.6763017964350619e-06 5.4326451540902789e-06
5.7077340023e+05 5.6947030624004833e-06 7.1493171621875074e-06
5.7849808023e+05 5.5558924106808009e-06 5.3384597964818466e-06
5.8632732024e+05 5.5042754248047065e-06 5.0464989861225362e-06
5.9426250025e+05 5.3846933454198778e-06 4.8322863344660096e-06
6.0230508026e+05 5.3187955255306267e-06 5.9929974400879145e-06
6.1045650026e+05 5.3320284612245041e-06 6.8571254708875493e-06
6.1871824027e+05 5.1648314024680436e-06 4.0225751240694891e-06
6.2709180028e+05 5.1555106833794478e-06 6.3526242296225528e-06
6.3557868029e+05 5.0752173224444696e-06 5.5806433625481480e-06
6.4418040030e+05 5.0148343972364933e-06 4.7404392488266953e-06
6.5289856030e+05 4.8945379983977492e-06 4.7780017258278502e-06
6.6173470031e+05 4.8968570430539194e-06 5.1861978177328457e-06
6.7069042032e+05 4.8227121923452555e-06 5.5063802425428156e-06
6.7976736033e+05 4.7894459077621349e-06 5.8524752699813608e-06
6.8896714034e+05 4.6738928090153795e-06 4.9207913817142431e-06
6.9829142035e+05 4.5789906730375575e-06 3.5415480592990258e-06
7.0774190036e+05 4.5599772759850098e-06 3.7224369481266661e-06
7.1732026036e+05 4.5453215071659521e-06 5.6825323848489379e-06
7.2702828037e+05 4.4407448317339822e-06 3.9778226509725904e-06
7.3686766038e+05 4.3911312378358537e-06 4.2839287405318014e-06
7.4684022039e+05 4.3140790317293332e-06 4.7325478608452300e-06
7.5694774040e+05 4.2557322200123999e-06 4.9296797307301699e-06
7.6719204041e+05 4.2373175342621105e-06 4.7840660888471891e-06
7.7757500042e+05 4.1897958373160798e-06 4.9802772473600133e-06
7.8809848043e+05 4.1452411040707338e-06 5.2300109372350966e-06
7.9876438044e+05 4.0120007640893422e-06 4.0833702755965623e-06
8.0957462045e+05 3.9786727117614736e-06 4.4985355276184018e-06
8.2053118046e+05 3.9677366303387880e-06 4.6068512198829159e-06
8.3163600047e+05 3.8526194609215905e-06 3.1304386335994380e-06
8.4289112048e+05 3.8040284068700157e-06 3.7489345414768279e-06
8.5429858049e+05 3.7694290860705753e-06 3.6988880611805341e-06
8.6586040050e+05 3.7607299870382282e-06 3.7944200220083120e-06
8.7757870051e+05 3.7033460075591382e-06 4.0435133381289966e-06
8.8945560052e+05 3.6174741147483049e-06 2.9352409864560710e-06
9.0149324054e+05 3.6346748294416660e-06 4.6944624919819349e-06
9.1369378055e+05 3.5215933821706278e-06 3.4041419394855357e-06
9.2605946056e+05 3.4524594499219409e-06 3.0322014801013753e-06
9.3859248057e+05 3.4522975801165848e-06 3.5642001820110408e-06
9.5129512058e+05 3.3993272072800781e-06 3.7190769568984580e-06
9.6416966059e+05 3.3596319970606348e-06 2.8619505671356665e-06
9.7721846061e+05 3.2791730567994945e-06 2.5865661080148940e-06
9.9044386062e+05 3.2633404668986496e-06 3.7282899229511409e-06
1.0038482406e+06 3.2474893336653317e-06 3.8324129925752341e-06
1.0174340206e+06 3.1974924233414962e-06 3.6281575495645605e-06
1.0312036807e+06 3.1538056509903439e-06 2.7530738042376861e-06
1.0451597007e+06 3.1043344095125823e-06 3.2000010911421390e-06
1.0593046007e+06 3.0609798653811035e-06 3.0588285800532142e-06
1.0736409207e+06 2.9986069106092973e-06 3.1112456721936673e-06
1.0881712607e+06 3.0125134118524184e-06 3.3992274607206621e-06
1.1028982607e+06 2.9126742876511863e-06 2.8301048771371275e-06
1.1178245607e+06 2.9113593118766474e-06 2.6580873862171113e-06
1.1329528808e+06 2.8804679090253874e-06 3.5569028824369066e-06
1.1482859408e+06 2.8640776496642542e-06 3.5368769708678942e-06
1.1638265008e+06 2.7526570939880212e-06 2.1986606686292627e-06
1.1795774008e+06 2.7710716088565074e-06 2.5928190034649990e-06
1.1955414608e+06 2.7037951561286474e-06 2.5514946207116716e-06
1.2117215808e+06 2.6561532339925330e-06 2.7395378794895055e-06
1.2281206608e+06 2.6323017959885582e-06 2.5710833548618817e-06
1.2447417009e+06 2.6340672890394401e-06 3.0265464929926102e-06
1.2615876609e+06 2.5908094924677968e-06 2.2829336763867679e-06
1.2786616209e+06 2.5480682637717863e-06 3.0264019461582969e-06
1.2959666609e+06 2.5191338444934146e-06 2.6612506268223141e-06
1.3135059009e+06 2.4688004083112759e-06 1.9409859523811898e-06
1.3312825209e+06 2.4625883700651388e-06 2.5466687539143943e-06
1.3492997010e+06 2.4253606003747366e-06 3.0118405041196164e-06
1.3675607410e+06 2.3556198907817486e-06 1.9198477528859188e-06
1.3860689210e+06 2.3141741907986453e-06 1.6962639651906008e-06
1.4048275810e+06 2.3174630047241889e-06 2.0242003685782682e-06
1.4238401010e+06 2.2953784767898607e-06 2.5895896280289743e-06
1.4431099410e+06 2.2287091737035554e-06 1.7027113180363953e-06
1.4626405811e+06 2.1968670298970441e-06 1.5328636897118953e-06
1.4824355411e+06 2.2201788860867737e-06 2.8055510665201244e-06
1.5024983811e+06 2.1788110985175003e-06 1.9529907088542322e-06
1.5228327611e+06 2.1116636683157027e-06 1.5400149954744799e-06
1.5434423411e+06 2.0918996172515985e-06 1.6589775291222932e-06
1.5643308412e+06 2.0699159246748358e-06 1.9971603725866901e-06
1.5855020612e+06 2.0733656299007078e-06 2.4928845456757888e-06
1.6069597812e+06 2.0012290411577940e-06 1.5456536839222282e-06
1.6287079012e+06 1.9873124281734967e-06 1.5945602240459207e-06
1.6507503812e+06 1.9847088101623146e-06 1.9274562149704456e-06
1.6730911413e+06 1.9695374948350714e-06 2.1788844567835402e-06
1.6957342813e+06 1.9065735332058533e-06 1.5829065394416297e-06
1.7186838613e+06 1.9032717293029806e-06 1.8954053599534882e-06
1.7419440413e+06 1.8618240105959577e-06 1.9849755454909748e-06
1.7655190013e+06 1.8408100728822466e-06 2.0917295860635124e-06
1.7894130214e+06 1.8422071353217409e-06 1.9809214688274253e-06
1.8136304214e+06 1.7934483010744388e-06 1.9275640489873262e-06
1.8381755814e+06 1.7638924732141508e-06 1.7248581791930556e-06
1.8630529214e+06 1.7639385467413089e-06 1.7526129452279669e-06
1.8882669415e+06 1.7236788019969453e-06 2.0129384476400889e-06
1.9138222015e+06 1.7069780826445764e-06 1.8227580282575968e-06
1.9397233215e+06 1.6852835801231867e-06 1.9003633964263556e-06
1.9659749615e+06 1.6566491501513582e-06 1.7762010093086262e-06
1.9925819016e+06 1.6597698929908945e-06 2.0468238132307050e-06
2.0195489416e+06 1.6309845484168169e-06 1.6398818146541543e-06
2.0468809216e+06 1.5875409627307211e-06 1.7019846367915725e-06
2.0745828216e+06 1.5876916800242160e-06 1.5024275738429585e-06
2.1026596217e+06 1.5504630808945580e-06 1.3281239422000606e-06
2.1311164217e+06 1.5527865811176953e-06 1.9080405332129104e-06
2.1599583417e+06 1.5030256688179723e-06 1.5668422700662215e-06
2.1891905817e+06 1.5050309749581411e-06 1.5628772702383803e-06
2.2188184618e+06 1.4725962988289382e-06 1.4157537591211928e-06
2.2488473018e+06 1.4361940896761722e-06 1.0540481589781373e-06
2.2792825618e+06 1.4200482421066889e-06 1.1467345732181501e-06
2.3101297018e+06 1.4278855729707159e-06 1.5877779956932609e-06
2.3413943419e+06 1.3896177570006649e-06 1.0999046155605835e-06
2.3730821019e+06 1.3767647823757263e-06 1.4391716651229487e-06
2.4051987019e+06 1.3598201791483935e-06 1.3816764482160205e-06
2.4377499620e+06 1.3297771662860099e-06 1.1792069934596430e-06
2.4707417820e+06 1.3261301581878607e-06 1.4333142171982545e-06
2.5041800820e+06 1.3200330198426302e-06 1.5409286365552822e-06
2.5380709221e+06 1.2909060593390801e-06 1.1372954883653143e-06
2.5724204421e+06 1.2634504259463752e-06 1.1531974716359067e-06
2.6072348421e+06 1.2481137998648072e-06 1.1759350730115087e-06
2.6425204022e+06 1.2320985618836745e-06 1.2761149890473386e-06
2.6782835222e+06 1.2323312609419465e-06 1.3230444100716982e-06
2.7145306422e+06 1.2214638782238989e-06 1.5475326666096843e-06
2.7512683023e+06 1.2005715033768008e-06 1.2087519498497945e-06
2.7885031823e+06 1.1653719615710418e-06 8.8222789125028760e-07
2.8262419823e+06 1.1574911323730002e-06 1.2751219831386185e-06
2.8644915224e+06 1.1305625091726178e-06 8.0202551955347921e-07
2.9032587224e+06 1.1268652595083026e-06 1.1375869790774135e-06
2.9425505824e+06 1.1087186902393979e-06 1.1550070954072985e-06
2.9823742225e+06 1.0953889834889729e-06 9.6639567197645348e-07
3.0227368025e+06 1.0767012582668155e-06 1.1570037474251223e-06
3.0636456625e+06 1.0768524146578405e-06 1.2195253718895201e-06
3.1051081626e+06 1.0470804079729127e-06 9.1294774617078784e-07
3.1471318026e+06 1.0334054082780693e-06 7.8044134696435234e-07
3.1897241627e+06 1.0203403693163035e-06 8.6218932415720138e-07
3.2328929827e+06 1.0262164410692333e-06 1.0934497499615956e-06
3.2766460227e+06 1.0023232981141630e-06 9.7644361092275271e-07
3.3209912028e+06 9.9121002879560565e-07 8.5251446854709261e-07
3.3659365428e+06 9.7190465244551741e-07 1.0595483083986820e-06
3.4114901429e+06 9.7049549384952251e-07 1.1806913075647792e-06
3.4576602629e+06 9.5981795041546628e-07 1.0969230926347044e-06
3.5044552430e+06 9.4476671924192131e-07 8.8857270064331699e-07
3.5518835430e+06 9.2351712024722201e-07 1.0468602206064635e-06
3.5999537030e+06 9.0608511307860613e-07 7.7211719669666649e-07
3.6486744431e+06 8.9382158944531284e-07 9.2225777878716200e-07
3.6980545431e+06 8.9803552229654795e-07 9.1496067086094608e-07
3.7481029432e+06 8.8572901116056753e-07 1.0104229545054332e-06
3.7988286832e+06 8.6708983180024728e-07 9.7765370785520096e-07
3.8502409433e+06 8.6433954152377563e-07 1.0835274684487553e-06
3.9023489833e+06 8.3849324537057740e-07 7.1335719490281299e-07
3.9551622634e+06 8.3245169104249846e-07 9.2951337284275773e-07
4.0086902834e+06 8.2935346602563611e-07 1.0296133414574968e-06
4.0629427435e+06 8.1647523072085391e-07 7.8698450860209714e-07
4.1179294435e+06 8.0313574748172072e-07 9.3296990592202987e-07
4.1736603036e+06 7.9660757727063506e-07 9.2124077586985007e-07
4.2301454228e+06 7.7643218035107815e-07 6.0334053863517825e-07
4.2873949815e+06 7.7694957506395297e-07 9.3817502619801641e-07
4.3454193602e+06 7.4767276983179563e-07 5.2259091169667575e-07
4.4042289989e+06 7.5270270104336466e-07 8.0393634014953567e-07
4.4638345776e+06 7.4323549798298200e-07 8.5659016131547136e-07
4.5242468162e+06 7.2343007620423211e-07 8.0300798471257571e-07
4.5854766749e+06 7.1277893099258560e-07 6.5903549370858505e-07
4.6475351935e+06 7.1096183561858011e-07 6.8169957349145837e-07
4.7104335921e+06 7.0267495387660747e-07 6.3558932097705262e-07
4.7741832306e+06 6.8715624627346878e-07 6.7370226049937330e-07
4.8387956492e+06 6.7846780654507846e-07 7.2375958379501092e-07
4.9042825277e+06 6.8029300769815083e-07 8.5783626316370977e-07
4.9706556662e+06 6.6818961737358096e-07 7.6216095932945752e-07
5.0379270847e+06 6.5842122496628908e-07 7.6563081885678432e-07
5.1061089432e+06 6.5051657877627876e-07 6.0812466830053625e-07
5.1752135417e+06 6.3675749165027338e-07 5.8688399988431947e-07
5.2452533801e+06 6.3363027262182327e-07 7.3727570583022652e-07
5.3162411385e+06 6.2100048960070374e-07 6.8449836020628995e-07
5.3881896169e+06 6.1232575953416873e-07 6.0535169086983417e-07
5.4611118153e+06 6.0538184586424493e-07 6.6988990350494285e-07
5.5350209136e+06 5.9111829120734796e-07 4.9030813171577518e-07
5.6099302920e+06 5.8113666337610025e-07 4.1088039680310364e-07
5.6858534703e+06 5.8348426744319570e-07 6.2280530615446532e-07
5.7628041685e+06 5.6980783934842043e-07 6.2328866208109936e-07
5.8407963068e+06 5.6159596964706947e-07 4.8843837220624736e-07
5.9198439650e+06 5.5168222297392212e-07 4.1913005820928598e-07
5.9999614232e+06 5.4648759485754481e-07 4.1288132853303511e-07
6.0811631614e+06 5.4600444806375350e-07 6.6761055703440356e-07
6.1634638796e+06 5.3431162241746361e-07 5.7503653126696685e-07
6.2468784177e+06 5.3628814804728185e-07 6.3762299628838214e-07
6.3314218558e+06 5.1695570702118962e-07 3.7876180309179213e-07
6.4171094939e+06 5.1271226012520342e-07 4.2816612002107668e-07
6.5039568120e+06 5.1489534162994388e-07 5.6120249280199733e-07
6.5919794900e+06 4.9774481664539237e-07 4.7007236227971333e-07
6.6811934280e+06 4.9952812295246154e-07 4.9997040753142581e-07
6.7716147860e+06 4.9061016320061280e-07 4.7110618756228924e-07
6.8632598639e+06 4.8246320076109622e-07 5.2612032335842978e-07
6.9561452419e+06 4.7273591409727018e-07 5.1558129062835835e-07
7.0502876998e+06 4.6851673718011138e-07 3.8929761668821168e-07
7.1457042576e+06 4.6925133997296979e-07 5.8355508679873495e-07
7.2424121555e+06 4.5487150366667131e-07 4.1951635700868686e-07
7.3404288733e+06 4.4907527932371389e-07 4.5100324967351955e-07
7.4397721311e+06 4.4327642484349900e-07 4.7850864401557627e-07
7.5404598488e+06 4.3422190964545824e-07 3.2784149024528810e-07
7.6425102665e+06 4.3177765868945559e-07 3.5512649554154953e-07
7.7459417842e+06 4.2424549559380882e-07 4.0424161702903127e-07
7.8507731419e+06 4.2146100039006438e-07 4.8424090764438361e-07
7.9570232395e+06 4.2183740595760514e-07 4.8516489410909801e-07
8.0647112971e+06 4.1640797496701809e-07 4.9523568425295294e-07
8.1738567747e+06 4.0053481165196643e-07 2.8735170687030304e-07
8.2844793922e+06 3.9836266473241404e-07 3.5866421073673193e-07
8.3965991297e+06 3.8990226997369533e-07 2.9899638635522744e-07
8.5102362871e+06 3.8875268949830583e-07 4.5362780850588625e-07
8.6254113646e+06 3.8720891217915986e-07 3.7423667101984703e-07
8.7421452019e+06 3.7832766790339731e-07 3.2634087938618917e-07
8.8604588793e+06 3.7439645223862518e-07 4.2164235781753188e-07
8.9803737566e+06 3.7073536519467778e-07 3.4933344139263297e-07
9.1019115539e+06 3.6922697039546698e-07 4.3899239857085908e-07
9.2250941912e+06 3.5797407451964008e-07 2.6533205516530430e-07
9.3499439684e+06 3.5296907775145153e-07 3.3477407786976471e-07
9.4764834055e+06 3.5073441200435331e-07 3.6834096306189362e-07
9.6047354027e+06 3.4618825235651963e-07 3.2110038787311368e-07
9.7347231198e+06 3.4377572225970328e-07 3.3631413943694613e-07
9.8664700568e+06 3.3396067398878980e-07 3.4790294519616137e-07
