# t E S  (m=6 n=5 eps=0.1 alpha=1 mu=1 h=0.02 seed=1) BACD splitting
1.0000000000e+00 3.7650226880016917e+00 2.5109294487510518e+00
1.0200000000e+00 3.7542409669248276e+00 2.5483227384833911e+00
1.0400000000e+00 3.7433025741223482e+00 2.5845969755231417e+00
1.0600000000e+00 3.7322135681618995e+00 2.6197185331487884e+00
1.0800000000e+00 3.7209803625536257e+00 2.6536565533130387e+00
1.1000000000e+00 3.7096097787665112e+00 2.6863831096672572e+00
1.1200000000e+00 3.6981090995000585e+00 2.7178733564101281e+00
1.1400000000e+00 3.6864861201913270e+00 2.7481056625046714e+00
1.1600000000e+00 3.6747491966991155e+00 2.7770617307969983e+00
1.1800000000e+00 3.6629072871308210e+00 2.8047267015602997e+00
1.2000000000e+00 3.6509699858628997e+00 2.8310892399812357e+00
1.2200000000e+00 3.6389475479510485e+00 2.8561416071056920e+00
1.2400000000e+00 3.6268509023270221e+00 2.8798797137692791e+00
1.2600000000e+00 3.6146916524295793e+00 2.9023031570570881e+00
1.2800000000e+00 3.6024820632098367e+00 2.9234152388688877e+00
1.3000000000e+00 3.5902350337775597e+00 2.9432229662116045e+00
1.3200000000e+00 3.5779640553047027e+00 2.9617370329014552e+00
1.3400000000e+00 3.5656831541655030e+00 2.9789717824338902e+00
1.3600000000e+00 3.5534068206577865e+00 2.9949451518705619e+00
1.3800000000e+00 3.5411499240075281e+00 3.0096785966981008e+00
1.4000000000e+00 3.5289276146978983e+00 3.0231969967325552e+00
1.4200000000e+00 3.5167552154760191e+00 3.0355285432743044e+00
1.4400000000e+00 3.5046481026673741e+00 3.0467046078590827e+00
1.4600000000e+00 3.4926215796625337e+00 3.0567595930992133e+00
1.4800000000e+00 3.4806907446285864e+00 3.0657307662625466e+00
1.5000000000e+00 3.4688703546347450e+00 3.0736580763922383e+00
1.5200000000e+00 3.4571746884662291e+00 3.0805839559254808e+00
1.5400000000e+00 3.4456174104324599e+00 3.0865531079206994e+00
1.5600000000e+00 3.4342114374559576e+00 3.0916122801477459e+00
1.5800000000e+00 3.4229688116598136e+00 3.0958100274315132e+00
1.6000000000e+00 3.4119005805579534e+00 3.0991964637637208e+00
1.6200000000e+00 3.4010166867982607e+00 3.1018230058080345e+00
1.6400000000e+00 3.3903258692196170e+00 3.1037421095183291e+00
1.6600000000e+00 3.3798355767658901e+00 3.1050070016670941e+00
1.6800000000e+00 3.3695518965593303e+00 3.1056714081394960e+00
1.7000000000e+00 3.3594794971789459e+00 3.1057892808875285e+00
1.7200000000e+00 3.3496215879226909e+00 3.1054145254574919e+00
1.7400000000e+00 3.3399798945616870e+00 3.1046007310025887e+00
1.7600000000e+00 3.3305546518259388e+00 3.1034009046708806e+00
1.7800000000e+00 3.3213446125991717e+00 3.1018672122177318e+00
1.8000000000e+00 3.3123470735503306e+00 3.1000507266320061e+00
1.8200000000e+00 3.3035579166945075e+00 3.0980011864877017e+00
1.8400000000e+00 3.2949716661603485e+00 3.0957667656387944e+00
1.8600000000e+00 3.2865815592464562e+00 3.0933938557662031e+00
1.8800000000e+00 3.2783796306781632e+00 3.0909268631637588e+00
1.9000000000e+00 3.2703568088292836e+00 3.0884080210165088e+00
1.9200000000e+00 3.2625030225518210e+00 3.0858772182815137e+00
1.9400000000e+00 3.2548073171599938e+00 3.0833718461303867e+00
1.9600000000e+00 3.2472579780427995e+00 3.0809266627560055e+00
1.9800000000e+00 3.2398426603308184e+00 3.0785736771850094e+00
2.0000000000e+00 3.2325485230165705e+00 3.0763420525746485e+00
2.0200000000e+00 3.2253623659219732e+00 3.0742580293089912e+00
2.0400000000e+00 3.2182707679194209e+00 3.0723448680470833e+00
2.0600000000e+00 3.2112602248428699e+00 3.0706228127158424e+00
2.0800000000e+00 3.2043172855701272e+00 3.0691090732847246e+00
2.1000000000e+00 3.1974286848154603e+00 3.0678178280087098e+00
2.1400000000e+00 3.1837631295752660e+00 3.0659445203094742e+00
2.1600000000e+00 3.1769616955133819e+00 3.0653759384704093e+00
2.2000000000e+00 3.1633650777794808e+00 3.0649872308035957e+00
2.2200000000e+00 3.1565496315626222e+00 3.0651638514455808e+00
2.2600000000e+00 3.1428405632150627e+00 3.0662318016997046e+00
2.2800000000e+00 3.1359323511087198e+00 3.0671051426097176e+00
2.3200000000e+00 3.1219800661004555e+00 3.0694696182612340e+00
2.3400000000e+00 3.1149278882902123e+00 3.0709306657102582e+00
2.3800000000e+00 3.1006595182579524e+00 3.0743229285456573e+00
2.4000000000e+00 3.0934418207744048e+00 3.0762150165191819e+00
2.4400000000e+00 3.0788434367807898e+00 3.0802850978094485e+00
2.4800000000e+00 3.0640442945910764e+00 3.0845857046211940e+00
2.5000000000e+00 3.0565788440168915e+00 3.0867640268501724e+00
2.5400000000e+00 3.0415413153446780e+00 3.0910578033946146e+00
2.5800000000e+00 3.0264016254338926e+00 3.0951099560379824e+00
2.6000000000e+00 3.0188099673638886e+00 3.0969874124147858e+00
2.6400000000e+00 3.0036180721999521e+00 3.1003337559739133e+00
2.6800000000e+00 2.9884620772536605e+00 3.1029958148368166e+00
2.7200000000e+00 2.9733971130990122e+00 3.1048196063830074e+00
2.7600000000e+00 2.9584739401437821e+00 3.1056691482889254e+00
2.7800000000e+00 2.9510796211034713e+00 3.1056915943281447e+00
2.8200000000e+00 2.9364492935521174e+00 3.1048698076179360e+00
2.8600000000e+00 2.9220550738877873e+00 3.1028265163766386e+00
2.9000000000e+00 2.9079185302319930e+00 3.0995033725003935e+00
2.9400000000e+00 2.8940515787618506e+00 3.0948660977779099e+00
2.9800000000e+00 2.8804570591172984e+00 3.0889044477318461e+00
3.0200000000e+00 2.8671298193349783e+00 3.0816317828666850e+00
3.0600000000e+00 2.8540581820641973e+00 3.0730842944646435e+00
3.1000000000e+00 2.8412256433544876e+00 3.0633199242154201e+00
3.1400000000e+00 2.8286126475714450e+00 3.0524170077195989e+00
3.1800000000e+00 2.8161982872735476e+00 3.0404726626539307e+00
3.2400000000e+00 2.7979040936391328e+00 3.0208570600650968e+00
3.2800000000e+00 2.7858985691249853e+00 3.0068399229220417e+00
3.3200000000e+00 2.7740263718994065e+00 2.9922402982209459e+00
3.3600000000e+00 2.7622739090976900e+00 2.9772135316749062e+00
3.4000000000e+00 2.7506299130900334e+00 2.9619207401770526e+00
3.4600000000e+00 2.7333469428737427e+00 2.9388411723421881e+00
3.5000000000e+00 2.7219349539388253e+00 2.9235983946960236e+00
3.5400000000e+00 2.7106014220291006e+00 2.9086541449562016e+00
3.6000000000e+00 2.6937282280921711e+00 2.8871185018050607e+00
3.6400000000e+00 2.6825486643566516e+00 2.8735424130757865e+00
3.7000000000e+00 2.6658522043589348e+00 2.8546330735671503e+00
3.7400000000e+00 2.6547499567679997e+00 2.8431279649885761e+00
3.8000000000e+00 2.6381056204019773e+00 2.8276808738809400e+00
3.8400000000e+00 2.6269979019155429e+00 2.8186411521707555e+00
3.9000000000e+00 2.6102979747716786e+00 2.8069836438386404e+00
3.9600000000e+00 2.5935444543838218e+00 2.7975302557086912e+00
4.0000000000e+00 2.5823526329684823e+00 2.7923629553799820e+00
4.0600000000e+00 2.5655609829268347e+00 2.7861111280545727e+00
4.1200000000e+00 2.5488231702892472e+00 2.7813436301636862e+00
4.1600000000e+00 2.5377359232942962e+00 2.7787862798617051e+00
4.2200000000e+00 2.5212827724177087e+00 2.7755410992625227e+00
4.2800000000e+00 2.5051291199237387e+00 2.7725708665542577e+00
4.3400000000e+00 2.4893630576331143e+00 2.7693779272955088e+00
4.4000000000e+00 2.4740532907414003e+00 2.7654748294491580e+00
4.4600000000e+00 2.4592420150807945e+00 2.7604050940771407e+00
4.5200000000e+00 2.4449419427490193e+00 2.7537624454120913e+00
4.5800000000e+00 2.4311374160366670e+00 2.7452081209912822e+00
4.6400000000e+00 2.4177888369202618e+00 2.7344858527689890e+00
4.7000000000e+00 2.4048392144779265e+00 2.7214340315363312e+00
4.7600000000e+00 2.3922215281328252e+00 2.7059944912095668e+00
4.8400000000e+00 2.3757936229996970e+00 2.6817964861723587e+00
4.9000000000e+00 2.3636839560945608e+00 2.6611675013908012e+00
4.9600000000e+00 2.3516916946873399e+00 2.6387313826984427e+00
5.0200000000e+00 2.3397710712198831e+00 2.6148736971487399e+00
5.1000000000e+00 2.3239314120015049e+00 2.5816547920935711e+00
5.1600000000e+00 2.3120664102304782e+00 2.5563574392005504e+00
5.2400000000e+00 2.2962518948249304e+00 2.5231563172631950e+00
5.3000000000e+00 2.2843997121843067e+00 2.4993513450778533e+00
5.3800000000e+00 2.2686316999892049e+00 2.4700133736858212e+00
5.4600000000e+00 2.2529446701888469e+00 2.4443097742743825e+00
5.5200000000e+00 2.2412649136303813e+00 2.4278431541245293e+00
5.6000000000e+00 2.2258523634851670e+00 2.4099314164454850e+00
5.6800000000e+00 2.2106752005830068e+00 2.3966337514510805e+00
5.7600000000e+00 2.1957834832591825e+00 2.3875584828298635e+00
5.8200000000e+00 2.1848241928048906e+00 2.3830696155547768e+00
5.9000000000e+00 2.1705031843789477e+00 2.3793210233127340e+00
5.9800000000e+00 2.1565005765972796e+00 2.3769395024706137e+00
6.0600000000e+00 2.1427632337643194e+00 2.3744930516450116e+00
6.1400000000e+00 2.1291990813036170e+00 2.3705246331607768e+00
6.2400000000e+00 2.1123047760009874e+00 2.3613867571151674e+00
6.3200000000e+00 2.0986895441444360e+00 2.3494237191763530e+00
6.4000000000e+00 2.0848863089282088e+00 2.3325774515251561e+00
6.4800000000e+00 2.0708624336785455e+00 2.3106369388276717e+00
6.5800000000e+00 2.0530872073632507e+00 2.2765335722313020e+00
6.6600000000e+00 2.0388095425573254e+00 2.2449372300934205e+00
6.7600000000e+00 2.0211591684714607e+00 2.2022308570463651e+00
6.8400000000e+00 2.0074071948971111e+00 2.1675489800345789e+00
6.9400000000e+00 1.9909017207378281e+00 2.1265819285037830e+00
7.0400000000e+00 1.9752671705665175e+00 2.0915218541476168e+00
7.1200000000e+00 1.9633520307480876e+00 2.0697018636816069e+00
7.2200000000e+00 1.9490236996971302e+00 2.0518560881469585e+00
7.3200000000e+00 1.9350468812219137e+00 2.0451233304754068e+00
7.4200000000e+00 1.9211258596310674e+00 2.0487879564968932e+00
7.5200000000e+00 1.9070477478015804e+00 2.0607351106478360e+00
7.6200000000e+00 1.8927291413147531e+00 2.0777182114185528e+00
7.7200000000e+00 1.8782157268421558e+00 2.0957822674303364e+00
7.8400000000e+00 1.8607398287373902e+00 2.1130624148662540e+00
7.9400000000e+00 1.8463317211167189e+00 2.1194113886775989e+00
8.0400000000e+00 1.8322253894221034e+00 2.1154210442354109e+00
8.1600000000e+00 1.8158099980990874e+00 2.0949020910843688e+00
8.2600000000e+00 1.8025588674496751e+00 2.0646908972929254e+00
8.3800000000e+00 1.7870844653903137e+00 2.0149562200751432e+00
8.4800000000e+00 1.7744682366348823e+00 1.9655260978679245e+00
8.6000000000e+00 1.7596444800577156e+00 1.9020246272530577e+00
8.7200000000e+00 1.7452852638801895e+00 1.8403696384538710e+00
8.8400000000e+00 1.7316235180032873e+00 1.7868802036596954e+00
8.9600000000e+00 1.7188631144848443e+00 1.7464356007009325e+00
9.0800000000e+00 1.7070156030641586e+00 1.7217691521017426e+00
9.2000000000e+00 1.6958144413841794e+00 1.7131555011698254e+00
9.3200000000e+00 1.6847627480686624e+00 1.7185377310265706e+00
9.4600000000e+00 1.6713164457493459e+00 1.7372928608371898e+00
9.5800000000e+00 1.6588727096122993e+00 1.7584803610835649e+00
9.7000000000e+00 1.6455145858677387e+00 1.7792281681597184e+00
9.8400000000e+00 1.6291421313622059e+00 1.7975358862253894e+00
9.9800000000e+00 1.6125797207047361e+00 1.8055944439147518e+00
1.0100000000e+01 1.5986666985079567e+00 1.8030728599137709e+00
1.0240000000e+01 1.5829471829625175e+00 1.7894655800110912e+00
1.0380000000e+01 1.5676669003873511e+00 1.7659500730875608e+00
1.0520000000e+01 1.5526390388304476e+00 1.7347366581852270e+00
1.0660000000e+01 1.5378485440446599e+00 1.6981664493548683e+00
1.0800000000e+01 1.5234875278751450e+00 1.6585985114095008e+00
1.0960000000e+01 1.5078650483164568e+00 1.6128696825271109e+00
1.1100000000e+01 1.4948732332236738e+00 1.5753585010517175e+00
1.1260000000e+01 1.4804566211286572e+00 1.5388786346292018e+00
1.1400000000e+01 1.4679417078036026e+00 1.5150742764246690e+00
1.1560000000e+01 1.4538148926713976e+00 1.4989125062708148e+00
1.1720000000e+01 1.4403684492739850e+00 1.4942657545155671e+00
1.1880000000e+01 1.4280881603908611e+00 1.4981545218944925e+00
1.2040000000e+01 1.4169592391485046e+00 1.5051216174753215e+00
1.2200000000e+01 1.4064353632615456e+00 1.5086096454474527e+00
1.2360000000e+01 1.3958104233413318e+00 1.5031902491689451e+00
1.2520000000e+01 1.3846192074243024e+00 1.4868365578212128e+00
1.2700000000e+01 1.3712559658581154e+00 1.4587884853691433e+00
1.2880000000e+01 1.3573212975761546e+00 1.4299369968152453e+00
1.3040000000e+01 1.3447638138552707e+00 1.4129514589514289e+00
1.3220000000e+01 1.3308573935938033e+00 1.4104954889196857e+00
1.3400000000e+01 1.3176432800493101e+00 1.4246743857122994e+00
1.3580000000e+01 1.3053674910271973e+00 1.4448172083805149e+00
1.3760000000e+01 1.2938303645654801e+00 1.4540733609607501e+00
1.3960000000e+01 1.2812946582808589e+00 1.4329751551130117e+00
1.4140000000e+01 1.2698754555573510e+00 1.3798426481836574e+00
1.4340000000e+01 1.2569925000427202e+00 1.2947728869241990e+00
1.4520000000e+01 1.2453864723196491e+00 1.2186529417797243e+00
1.4720000000e+01 1.2325318936345273e+00 1.1657398554425973e+00
1.4920000000e+01 1.2194101618477431e+00 1.1666464950820723e+00
1.5120000000e+01 1.2055763308909755e+00 1.2179149885368739e+00
1.5320000000e+01 1.1909687671642881e+00 1.2911463529671716e+00
1.5540000000e+01 1.1744617049224169e+00 1.3497792312183829e+00
1.5740000000e+01 1.1594844997520195e+00 1.3506376691647068e+00
1.5960000000e+01 1.1433852799787683e+00 1.2894101730699192e+00
1.6180000000e+01 1.1284365374840146e+00 1.1952740182736312e+00
1.6400000000e+01 1.1159510606294047e+00 1.1192504099633049e+00
1.6620000000e+01 1.1065187803640832e+00 1.0989814002770850e+00
1.6840000000e+01 1.0987498626015297e+00 1.1352958646669076e+00
1.7060000000e+01 1.0902950078549469e+00 1.1925591166324359e+00
1.7300000000e+01 1.0792575102231672e+00 1.2227218008615903e+00
1.7540000000e+01 1.0675159331872137e+00 1.1851501438284335e+00
1.7760000000e+01 1.0572244043204233e+00 1.1035341747628531e+00
1.8000000000e+01 1.0469173822982185e+00 1.0116154136225732e+00
1.8260000000e+01 1.0372086181922204e+00 9.6722881973130648e-01
1.8500000000e+01 1.0293034177497660e+00 9.9544590405190836e-01
1.8740000000e+01 1.0207426996012881e+00 1.0632411123005499e+00
1.9000000000e+01 1.0086907911756378e+00 1.1271158780792803e+00
1.9260000000e+01 9.9387482659809301e-01 1.1400284463418087e+00
1.9520000000e+01 9.7900450936399153e-01 1.1005361471167410e+00
1.9780000000e+01 9.6667595254788952e-01 1.0375580629812209e+00
2.0060000000e+01 9.5654818858457991e-01 9.7825693228642430e-01
2.0320000000e+01 9.4894143509724815e-01 9.4544559783851589e-01
2.0600000000e+01 9.4160518750758970e-01 9.3308627275590172e-01
2.0880000000e+01 9.3424655970741188e-01 9.3843995462424967e-01
2.1160000000e+01 9.2629267205262467e-01 9.5309964970091421e-01
2.1440000000e+01 9.1778998055413974e-01 9.6305019091662980e-01
2.1740000000e+01 9.0839519679670255e-01 9.5314720744444092e-01
2.2020000000e+01 8.9917481970727020e-01 9.2790632247139315e-01
2.2320000000e+01 8.8864247123629192e-01 9.1118755136867047e-01
2.2620000000e+01 8.7904285165104534e-01 9.3000375800075397e-01
2.2940000000e+01 8.7142160645505529e-01 9.7019062029523662e-01
2.3240000000e+01 8.6500853793168075e-01 9.6891569671222666e-01
2.3560000000e+01 8.5645085416259037e-01 8.8966402022487934e-01
2.3880000000e+01 8.4581607496629729e-01 7.8105257266862083e-01
2.4200000000e+01 8.3565597938253466e-01 7.4371601998238623e-01
2.4520000000e+01 8.2853869341970854e-01 8.1489275530811645e-01
2.4860000000e+01 8.2207637735147721e-01 9.2234091671075613e-01
2.5200000000e+01 8.1311983552175626e-01 9.3790144766446160e-01
2.5540000000e+01 8.0233074029618856e-01 8.5156679117792100e-01
2.5880000000e+01 7.9290904816987529e-01 7.7265016051553248e-01
2.6240000000e+01 7.8715360720438632e-01 7.8541983846032781e-01
2.6580000000e+01 7.8280374341622105e-01 8.4067739485141835e-01
2.6940000000e+01 7.7518670598794237e-01 8.3955754187209819e-01
2.7320000000e+01 7.6526880576342993e-01 7.6208470279672469e-01
2.7680000000e+01 7.5742782005462150e-01 7.0919935422106328e-01
2.8060000000e+01 7.5131742282731917e-01 7.3348698851108229e-01
2.8440000000e+01 7.4420373825435870e-01 7.8875995827184386e-01
2.8820000000e+01 7.3546088432699019e-01 8.0495050965023951e-01
2.9220000000e+01 7.2695149149150695e-01 7.7968096887446015e-01
2.9600000000e+01 7.1969333908594157e-01 7.5233807508473327e-01
3.0000000000e+01 7.1225289388042046e-01 7.3084231888230544e-01
3.0420000000e+01 7.0541276577290069e-01 7.0543417375239115e-01
3.0820000000e+01 6.9915501603611996e-01 6.8411562351220712e-01
3.1240000000e+01 6.9259005535973051e-01 6.8189587136462670e-01
3.1660000000e+01 6.8579285445529758e-01 7.0063241808165377e-01
3.2100000000e+01 6.7693542410656626e-01 7.2096223688413341e-01
3.2520000000e+01 6.6864092796092622e-01 7.2365339829470654e-01
3.2960000000e+01 6.6240203623753946e-01 7.0711174329010773e-01
3.3420000000e+01 6.5645986090575514e-01 6.7217935280303687e-01
3.3860000000e+01 6.5052930742216453e-01 6.3295251030635213e-01
3.4320000000e+01 6.4450980440305705e-01 6.1430599083185822e-01
3.4780000000e+01 6.3862875216433768e-01 6.3421186981433664e-01
3.5260000000e+01 6.3237729189519420e-01 6.7118348052838239e-01
3.5740000000e+01 6.2536000296811345e-01 6.8493474444797797e-01
3.6220000000e+01 6.1862614734221233e-01 6.5869085830063578e-01
3.6700000000e+01 6.1082626627378311e-01 6.1224405482675237e-01
3.7200000000e+01 6.0277772297267385e-01 5.8959824990851850e-01
3.7700000000e+01 5.9779839426567483e-01 5.9061717865368402e-01
3.8220000000e+01 5.9158136108703818e-01 5.7585770197802211e-01
3.8740000000e+01 5.8336672558986846e-01 6.0765925161168766e-01
3.9260000000e+01 5.7609396726355322e-01 6.8083855000551163e-01
3.9800000000e+01 5.6872449766192634e-01 6.0681472090398947e-01
4.0320000000e+01 5.6007667372083403e-01 4.7716576299048780e-01
4.0880000000e+01 5.5656652863741873e-01 5.3899628088366924e-01
4.1420000000e+01 5.5216770373756863e-01 6.1106542153566767e-01
4.1980000000e+01 5.4256677658687147e-01 5.5585311871262288e-01
4.2560000000e+01 5.3742546780498357e-01 5.7065391239801655e-01
4.3140000000e+01 5.3387062232939120e-01 5.6282796100522936e-01
4.3720000000e+01 5.2628261189233039e-01 4.8904739403683795e-01
4.4300000000e+01 5.2266539476172524e-01 5.1791535963792512e-01
4.4900000000e+01 5.1770984996837810e-01 5.4728030067099331e-01
4.5520000000e+01 5.1157211047038642e-01 5.2833698141513286e-01
4.6120000000e+01 5.0632273377859283e-01 5.1548816589490198e-01
4.6760000000e+01 4.9869388931488073e-01 5.2181226887766818e-01
4.7380000000e+01 4.9447469697720214e-01 5.0263649559502244e-01
4.8020000000e+01 4.8664599083201848e-01 4.4812824142024271e-01
4.8680000000e+01 4.8300210385556669e-01 5.2161509399961981e-01
4.9340000000e+01 4.7615790755974025e-01 5.0785531377102022e-01
5.0000000000e+01 4.6952286199895493e-01 4.6785573147485959e-01
5.0680000000e+01 4.6769893387746536e-01 4.8266454744643222e-01
5.1360000000e+01 4.6009209560799080e-01 4.2254927547022764e-01
5.2060000000e+01 4.5728891114232478e-01 4.9367218390349493e-01
5.2760000000e+01 4.5126165330763229e-01 4.7788481874676675e-01
5.3480000000e+01 4.4622402892797186e-01 4.3851771521503324e-01
5.4200000000e+01 4.4234964889093542e-01 4.5172834373559012e-01
5.4940000000e+01 4.3740100104673318e-01 4.2735775031418022e-01
5.5680000000e+01 4.3073363815065668e-01 4.3778816451348052e-01
5.6440000000e+01 4.2430579574239480e-01 4.6979677939922893e-01
5.7200000000e+01 4.1857375950136477e-01 4.0375522573143946e-01
5.7980000000e+01 4.1305132596291277e-01 4.1186155300732197e-01
5.8760000000e+01 4.0587380324421801e-01 4.1470048087531253e-01
5.9560000000e+01 4.0239041002440251e-01 4.2472855629377004e-01
6.0360000000e+01 3.9810000719807820e-01 4.0500481605495453e-01
6.1180000000e+01 3.9387316123820126e-01 3.8788283343885749e-01
6.2000000000e+01 3.9047190399594089e-01 3.9047063519389863e-01
6.2840000000e+01 3.8626747139421341e-01 3.9466022704789194e-01
6.3700000000e+01 3.8133271508443922e-01 4.0992893710831135e-01
6.4560000000e+01 3.7588040601988632e-01 3.5888173434177617e-01
6.5420000000e+01 3.7326399544353595e-01 3.6473526676997026e-01
6.6320000000e+01 3.6855882249681438e-01 4.0004668333422649e-01
6.7200000000e+01 3.6627382927415764e-01 3.8109313610388623e-01
6.8120000000e+01 3.6041321427603373e-01 3.2424373303104226e-01
6.9040000000e+01 3.5770038382663538e-01 3.8748125684560009e-01
6.9980000000e+01 3.5222754906611464e-01 3.6646945567701633e-01
7.0920000000e+01 3.4902844965623669e-01 3.4192116619380336e-01
7.1880000000e+01 3.4475645962828594e-01 3.3145152651631293e-01
7.2860000000e+01 3.4289251220809219e-01 3.8232821358867541e-01
7.3840000000e+01 3.3712476653207535e-01 3.1765355558515923e-01
7.4840000000e+01 3.3609099531314041e-01 3.3689313000636883e-01
7.5860000000e+01 3.3199458927962633e-01 3.5179695780378700e-01
7.6880000000e+01 3.2751974803515393e-01 3.1822043760452662e-01
7.7920000000e+01 3.2548526492851260e-01 3.3588012945291756e-01
7.8980000000e+01 3.2138201721449583e-01 3.1866193403495668e-01
8.0040000000e+01 3.1804186003812529e-01 3.2728655191685557e-01
8.1120000000e+01 3.1445682843932415e-01 3.1690528291588371e-01
8.2220000000e+01 3.1108418866300142e-01 3.0493207586245175e-01
8.3340000000e+01 3.0805497630796796e-01 3.2843160995222220e-01
8.4460000000e+01 3.0427433388291880e-01 2.9557914983274203e-01
8.5600000000e+01 3.0185385683528954e-01 3.0112119972697377e-01
8.6760000000e+01 2.9838595088253489e-01 3.1313842737451320e-01
8.7940000000e+01 2.9557654323143151e-01 2.8972469459384631e-01
8.9120000000e+01 2.9244378539487043e-01 2.9648258687938839e-01
9.0340000000e+01 2.8812560419102551e-01 3.0512820507739047e-01
9.1560000000e+01 2.8429028186513755e-01 2.4754044619184151e-01
9.2800000000e+01 2.8295799356099882e-01 3.2319421407834475e-01
9.4040000000e+01 2.7873213326625174e-01 2.8047348803781236e-01
9.5320000000e+01 2.7443361898615670e-01 2.6205022796288485e-01
9.6620000000e+01 2.7137122204867686e-01 2.8524436647809726e-01
9.7920000000e+01 2.6837713809653613e-01 2.5628145464109492e-01
9.9240000000e+01 2.6505509413504236e-01 2.6888326781273419e-01
1.0058000000e+02 2.6282324643526572e-01 2.5913299734206163e-01
1.0194000000e+02 2.6058236974245824e-01 2.8305539373894223e-01
1.0332000000e+02 2.5720411692130701e-01 2.7556513202282906e-01
1.0472000000e+02 2.5340256439043390e-01 2.2469259444694956e-01
1.0614000000e+02 2.5121454376447921e-01 2.6632722674790810e-01
1.0758000000e+02 2.4855542588091992e-01 2.4858437400395880e-01
1.0904000000e+02 2.4517685522691540e-01 2.4576986346442226e-01
1.1052000000e+02 2.4290326928616343e-01 2.3852947002865155e-01
1.1200000000e+02 2.4029408683599487e-01 2.3895118798647952e-01
1.1352000000e+02 2.3763410268264917e-01 2.5099215245652506e-01
1.1506000000e+02 2.3520199651652934e-01 2.2571487628599543e-01
1.1662000000e+02 2.3323992475965799e-01 2.5894458170637757e-01
1.1820000000e+02 2.3060486587345674e-01 2.2755323014473139e-01
1.1980000000e+02 2.2806730535974570e-01 2.6039287689858870e-01
1.2142000000e+02 2.2416033155453516e-01 2.0846486257917063e-01
1.2306000000e+02 2.2137022571083892e-01 2.2462764824844389e-01
1.2472000000e+02 2.1888080381933328e-01 2.0836373161545729e-01
1.2642000000e+02 2.1599979485624096e-01 2.1159457671573839e-01
1.2812000000e+02 2.1364999868776208e-01 1.9722182077103653e-01
1.2986000000e+02 2.1113951204312767e-01 2.1818476416905264e-01
1.3162000000e+02 2.0909128601782376e-01 2.0241700949303820e-01
1.3340000000e+02 2.0687701057333327e-01 2.3139671657754987e-01
1.3520000000e+02 2.0446582803382801e-01 2.0258258694310843e-01
1.3702000000e+02 2.0261798831333255e-01 2.2683532634170672e-01
1.3888000000e+02 2.0000172876552494e-01 2.0512722727201971e-01
1.4076000000e+02 1.9726669500731192e-01 2.0027434630660604e-01
1.4266000000e+02 1.9476545011549007e-01 1.9431395364888659e-01
1.4460000000e+02 1.9218887526732170e-01 1.8062951424200557e-01
1.4656000000e+02 1.8960514548698804e-01 1.9169924713874892e-01
1.4854000000e+02 1.8744229840140406e-01 1.8307814191821764e-01
1.5054000000e+02 1.8498166349520145e-01 1.7580342069657104e-01
1.5258000000e+02 1.8249305058607632e-01 1.7101647113808036e-01
1.5466000000e+02 1.8119530567165995e-01 1.7803661933557965e-01
1.5674000000e+02 1.7967537850362980e-01 1.8333996422338389e-01
1.5886000000e+02 1.7828355342958985e-01 1.8929843155014950e-01
1.6102000000e+02 1.7561380531914983e-01 1.8993582650443341e-01
1.6320000000e+02 1.7287139266369581e-01 1.7468144086813014e-01
1.6540000000e+02 1.7060092539534069e-01 1.5332314500324254e-01
1.6764000000e+02 1.6931202056606925e-01 1.7032649194152072e-01
1.6990000000e+02 1.6802351152088293e-01 1.8550758091615216e-01
1.7220000000e+02 1.6555606558521635e-01 1.5647176918723238e-01
1.7454000000e+02 1.6425758370599891e-01 1.5002328323117442e-01
1.7690000000e+02 1.6317693214404383e-01 1.7772338949695388e-01
1.7930000000e+02 1.6165197830491956e-01 1.6809303371408507e-01
1.8172000000e+02 1.5890425201081540e-01 1.3822282228832711e-01
1.8418000000e+02 1.5801261212765089e-01 1.5717252957106784e-01
1.8668000000e+02 1.5718166952608217e-01 1.7435632896331091e-01
1.8920000000e+02 1.5419636496624320e-01 1.4179557675454990e-01
1.9176000000e+02 1.5338322797011306e-01 1.4969707072929236e-01
1.9436000000e+02 1.5136927809100054e-01 1.4996606805137408e-01
1.9698000000e+02 1.5063316640460081e-01 1.6740489263162381e-01
1.9966000000e+02 1.4908775880607708e-01 1.5689352494175018e-01
2.0236000000e+02 1.4706975308419670e-01 1.4206026142419609e-01
2.0510000000e+02 1.4530320890215609e-01 1.3671876493701191e-01
2.0786000000e+02 1.4452938370557100e-01 1.5757666220430580e-01
2.1068000000e+02 1.4275266475563753e-01 1.5254900455865364e-01
2.1354000000e+02 1.4100628488764616e-01 1.5048514934418447e-01
2.1642000000e+02 1.3931725044452875e-01 1.3388705318944305e-01
2.1934000000e+02 1.3828594560232127e-01 1.4135814758746895e-01
2.2232000000e+02 1.3691251458022838e-01 1.3777608715157433e-01
2.2532000000e+02 1.3566146886709915e-01 1.4206821681935494e-01
2.2838000000e+02 1.3469695559908246e-01 1.5091989909026746e-01
2.3146000000e+02 1.3293365210833175e-01 1.4259657726245045e-01
2.3460000000e+02 1.3180212974479086e-01 1.4097876221855132e-01
2.3778000000e+02 1.3082343799213328e-01 1.4382130613488500e-01
2.4100000000e+02 1.2914566725840132e-01 1.3698305411927497e-01
2.4426000000e+02 1.2737794206636327e-01 1.2735345651111715e-01
2.4756000000e+02 1.2623082988434542e-01 1.3069642391203010e-01
2.5090000000e+02 1.2491606386595887e-01 1.3331286069136331e-01
2.5430000000e+02 1.2329724589042849e-01 1.2659571677512058e-01
2.5774000000e+02 1.2204866992004189e-01 1.2674221379971762e-01
2.6124000000e+02 1.2055883613166099e-01 1.2555887631863652e-01
2.6478000000e+02 1.1906737576943667e-01 1.1918494590874623e-01
2.6836000000e+02 1.1782004379420317e-01 1.1436523520126279e-01
2.7198000000e+02 1.1655688941460528e-01 1.0729741685282221e-01
2.7566000000e+02 1.1512832918015768e-01 1.0355577140148756e-01
2.7940000000e+02 1.1395858651659246e-01 1.0114663711567826e-01
2.8318000000e+02 1.1354649393351444e-01 1.1172957208643408e-01
2.8700000000e+02 1.1208748071811109e-01 1.1269958984833645e-01
2.9090000000e+02 1.1172148881548355e-01 1.3132230534008646e-01
2.9484000000e+02 1.1022961089479424e-01 1.2467663151618362e-01
2.9882000000e+02 1.0888471369008632e-01 1.1183599432459573e-01
3.0286000000e+02 1.0717625224176150e-01 1.0317289990610862e-01
3.0696000000e+02 1.0622844302985306e-01 9.9832968340708428e-02
3.1112000000e+02 1.0511884625730709e-01 1.1554389558678638e-01
3.1532000000e+02 1.0359167873325438e-01 9.9796429403085807e-02
3.1960000000e+02 1.0256091693543919e-01 1.0083335564544665e-01
3.2392000000e+02 1.0176883282799837e-01 1.1330014968537043e-01
3.2830000000e+02 1.0048562097353039e-01 9.8171508338435701e-02
3.3274000000e+02 9.9452934942964366e-02 9.6303609729617420e-02
3.3726000000e+02 9.8684421557264659e-02 1.0225392408804165e-01
3.4182000000e+02 9.7729611480949177e-02 1.0171390963794402e-01
3.4644000000e+02 9.6617687228013810e-02 9.1592170239748250e-02
3.5112000000e+02 9.5773072753854577e-02 1.0495593422268065e-01
3.5588000000e+02 9.4401569301110558e-02 8.4483398259215539e-02
3.6070000000e+02 9.3743300879565575e-02 9.4614566638039341e-02
3.6558000000e+02 9.2987369382245333e-02 9.5500120558657739e-02
3.7052000000e+02 9.1875023258670974e-02 8.3191477057094815e-02
3.7554000000e+02 9.1692293278194892e-02 1.0539762069103376e-01
3.8062000000e+02 9.0414671371552249e-02 8.7458551502024182e-02
3.8578000000e+02 8.9734944220968629e-02 9.6308984724410615e-02
3.9100000000e+02 8.8248748114887934e-02 8.0013461216379034e-02
3.9628000000e+02 8.7758340605123955e-02 8.3474092298510383e-02
4.0164000000e+02 8.6797346073199222e-02 7.7622614842206575e-02
4.0708000000e+02 8.6352637014467867e-02 8.7658690209513598e-02
4.1260000000e+02 8.5519117312114548e-02 8.9535843817903221e-02
4.1818000000e+02 8.4261988656266301e-02 8.1172616541835704e-02
4.2384000000e+02 8.3641388083249488e-02 8.0763860292877646e-02
4.2958000000e+02 8.2750263476207772e-02 7.5487101874925411e-02
4.3538000000e+02 8.2311079253583996e-02 8.4597553414032578e-02
4.4128000000e+02 8.1507603569089371e-02 8.3290177439693372e-02
4.4726000000e+02 8.0208314817062504e-02 6.9464725010581346e-02
4.5330000000e+02 7.9506819572975507e-02 7.5826233010821462e-02
4.5944000000e+02 7.9165797337217486e-02 8.6173768686489030e-02
4.6566000000e+02 7.8667741413898470e-02 8.7871466590004360e-02
4.7196000000e+02 7.7552380377723551e-02 7.9313906593854788e-02
4.7834000000e+02 7.6776174254063662e-02 7.2287636263801122e-02
4.8482000000e+02 7.5865407236643589e-02 6.8453520418579869e-02
4.9138000000e+02 7.5709605536515692e-02 7.6380145761080639e-02
4.9804000000e+02 7.4832947282634121e-02 7.5066217017323134e-02
5.0478000000e+02 7.3832650605650696e-02 7.0409059449211928e-02
5.1160000000e+02 7.3148840295326104e-02 6.9360623675174815e-02
5.1852000000e+02 7.2956088212008274e-02 7.8424352962825003e-02
5.2554000000e+02 7.1769706009615852e-02 7.1424960631626871e-02
5.3266000000e+02 7.1397140749026228e-02 7.9387982000990717e-02
5.3986000000e+02 7.0363821848201530e-02 7.0068389399536107e-02
5.4718000000e+02 6.9942428550274077e-02 7.0457439515491785e-02
5.5458000000e+02 6.9199446901608092e-02 6.6770972737830114e-02
5.6208000000e+02 6.8632527330535403e-02 6.7933331124238799e-02
5.6968000000e+02 6.8236119151669550e-02 7.3770241520317664e-02
5.7740000000e+02 6.7641166706250602e-02 7.2412828558462483e-02
5.8522000000e+02 6.6678884448626297e-02 6.0055755624575692e-02
5.9314000000e+02 6.6042081709786635e-02 6.9031121982535401e-02
6.0116000000e+02 6.5574367035905454e-02 6.7899850814878149e-02
6.0930000000e+02 6.4887895083694885e-02 6.5281378051730676e-02
6.1754000000e+02 6.4591782818329391e-02 7.0092915819622348e-02
6.2590000000e+02 6.3619581080583257e-02 5.6878528135468190e-02
6.3436000000e+02 6.3163341271987805e-02 6.4877640854786756e-02
6.4296000000e+02 6.2787281795242747e-02 6.5882694362062968e-02
6.5166000000e+02 6.1973082601365991e-02 5.9058561943258127e-02
6.6048000000e+02 6.1737893004553346e-02 6.6993512652691517e-02
6.6942000000e+02 6.0831412846476418e-02 5.7580138111388471e-02
6.7848000000e+02 6.0612125856025677e-02 6.1737657048919495e-02
6.8766000000e+02 5.9907299383313246e-02 6.5346543565658249e-02
6.9696000000e+02 5.9041237310818534e-02 5.6434061477978220e-02
7.0640000000e+02 5.8308764222876314e-02 4.9404466767704089e-02
7.1596000000e+02 5.8080840918549446e-02 5.7762707082420650e-02
7.2564000000e+02 5.7781812976325418e-02 6.2284476868824573e-02
7.3546000000e+02 5.7145342136457090e-02 5.6808105071929828e-02
7.4542000000e+02 5.6613939100980080e-02 5.5069702285321334e-02
7.5550000000e+02 5.6349685028641378e-02 5.7650898487604123e-02
7.6574000000e+02 5.5434015815906873e-02 5.1208987813094520e-02
7.7610000000e+02 5.5060976300042863e-02 5.4550140217676193e-02
7.8660000000e+02 5.4588683236893566e-02 5.4155766082158940e-02
7.9724000000e+02 5.4047473799959722e-02 5.0116122949408648e-02
8.0804000000e+02 5.3763970662936304e-02 5.8771446759139076e-02
8.1896000000e+02 5.3013207007893186e-02 5.1730107565212721e-02
8.3006000000e+02 5.2541519684274042e-02 5.1210717817628669e-02
8.4128000000e+02 5.2129317356715651e-02 5.3422121280242221e-02
8.5266000000e+02 5.1722556926460266e-02 5.4749385126924163e-02
8.6420000000e+02 5.1135686081246259e-02 4.6755989052593747e-02
8.7590000000e+02 5.0812724895437297e-02 5.4851224962580783e-02
8.8776000000e+02 5.0228845933926389e-02 4.8817900919820016e-02
8.9978000000e+02 4.9789238389942404e-02 4.9559040072686966e-02
9.1196000000e+02 4.9410570092917314e-02 4.9114492833076479e-02
9.2430000000e+02 4.9138075352360089e-02 4.8616927426595472e-02
9.3680000000e+02 4.8717499692674505e-02 5.0649524746325732e-02
9.4948000000e+02 4.8279537616713566e-02 5.1814570029787350e-02
9.6232000000e+02 4.7978824334218143e-02 5.1904414493712310e-02
9.7536000000e+02 4.7358045575085939e-02 4.5448037460769621e-02
9.8856000000e+02 4.6943938604305312e-02 4.5814537252559448e-02
1.0019400000e+03 4.6414790738985683e-02 3.9722637172216343e-02
1.0155000000e+03 4.6077074404325680e-02 4.1974706985732899e-02
1.0292400000e+03 4.5784414934900292e-02 4.5088257148961572e-02
1.0431600000e+03 4.5291715916427250e-02 4.4718253759440725e-02
1.0572800000e+03 4.4902324623586530e-02 4.5053979322563976e-02
1.0716000000e+03 4.4610384939172458e-02 4.3370696400110841e-02
1.0861000000e+03 4.4174360935312809e-02 3.8926773988479817e-02
1.1008000000e+03 4.3906072680939240e-02 4.6447604319055182e-02
1.1156800000e+03 4.3569355114768782e-02 4.3869300680927766e-02
1.1307800000e+03 4.3043452242827601e-02 4.1727878077693875e-02
1.1461000000e+03 4.2992533293325953e-02 4.3980456311831832e-02
1.1616000000e+03 4.2549263688447289e-02 4.6345609151824570e-02
1.1773200000e+03 4.2039650017528483e-02 4.0178233533813112e-02
1.1932600000e+03 4.1728328077900508e-02 4.0954874604130546e-02
1.2094000000e+03 4.1236866137571479e-02 4.0316247500721832e-02
1.2257800000e+03 4.0980691839548944e-02 3.9668951962351998e-02
1.2423600000e+03 4.0692417485529798e-02 4.1415659379549385e-02
1.2591800000e+03 4.0245873748204222e-02 4.0976461281053526e-02
1.2762200000e+03 4.0232592693825286e-02 4.4298156174459154e-02
1.2935000000e+03 3.9804379099158772e-02 4.1199257864569988e-02
1.3110000000e+03 3.9456489192119873e-02 4.0930762110776668e-02
1.3287400000e+03 3.8901259895816991e-02 3.7885608817508486e-02
1.3467200000e+03 3.8755839292480838e-02 4.1003614244042863e-02
1.3649400000e+03 3.8284257810859701e-02 3.5692972871232846e-02
1.3834200000e+03 3.8069336164293921e-02 3.6660961898167893e-02
1.4021400000e+03 3.7722111428072413e-02 3.7272930395954307e-02
1.4211200000e+03 3.7474152186623047e-02 3.8959330973665107e-02
1.4403600000e+03 3.7063057023610999e-02 3.8362796200674565e-02
1.4598400000e+03 3.6833290199343012e-02 3.7138145681472182e-02
1.4796000000e+03 3.6385810482209041e-02 3.5343364230190341e-02
1.4996200000e+03 3.6085262590451653e-02 3.2986770600386878e-02
1.5199200000e+03 3.5798487015026706e-02 3.4657702043138693e-02
1.5405000000e+03 3.5552436957007695e-02 3.4901053297719115e-02
1.5613400000e+03 3.5314675238611877e-02 3.6291456262453919e-02
1.5824800000e+03 3.4874952896795895e-02 3.4127063735560015e-02
1.6038800000e+03 3.4585903497199443e-02 3.2296919171476521e-02
1.6256000000e+03 3.4240404892889223e-02 3.1957419767148068e-02
1.6476000000e+03 3.4144606222386714e-02 3.5030913872998788e-02
1.6699000000e+03 3.3731409332442105e-02 3.1748352296136505e-02
1.6925000000e+03 3.3453885384790848e-02 3.5075325904163519e-02
1.7154000000e+03 3.3184532857597926e-02 3.4031127368982880e-02
1.7386200000e+03 3.3111253434488196e-02 3.6927126093146315e-02
1.7621400000e+03 3.2570273567103868e-02 3.1763587877540210e-02
1.7859800000e+03 3.2199826326398832e-02 3.0801626748876473e-02
1.8101600000e+03 3.2003137196835764e-02 3.1508509755326417e-02
1.8346600000e+03 3.1973396153883692e-02 3.2126242422571311e-02
1.8594800000e+03 3.1474080738527359e-02 2.9303617780781752e-02
1.8846600000e+03 3.1393323192598195e-02 3.1988112538582067e-02
1.9101600000e+03 3.1032362129348373e-02 3.0333993516778131e-02
1.9360200000e+03 3.0743282273787871e-02 2.8020407675253812e-02
1.9622200000e+03 3.0457743173166046e-02 2.9523283424582776e-02
1.9887600000e+03 3.0387373139256303e-02 3.1146843222357730e-02
2.0156800000e+03 3.0045631204686139e-02 3.0093741211742228e-02
2.0429600000e+03 2.9782701232690910e-02 3.0344040575251023e-02
2.0706200000e+03 2.9532342051157682e-02 2.8392117863501647e-02
2.0986400000e+03 2.9317566875754188e-02 3.0461318487401169e-02
2.1270400000e+03 2.8926129096573876e-02 2.7163264949581926e-02
2.1558200000e+03 2.8812898395221796e-02 2.9973343730958141e-02
2.1850000000e+03 2.8634245689817595e-02 2.9093559319017963e-02
2.2145800000e+03 2.8386597935630208e-02 2.7320216833826454e-02
2.2445400000e+03 2.8090760501375243e-02 2.7750601488865146e-02
2.2749200000e+03 2.7966986662744261e-02 2.9476022819657891e-02
2.3057000000e+03 2.7659959245249537e-02 2.6699076652577831e-02
2.3369200000e+03 2.7312575402752875e-02 2.5107248402218195e-02
2.3685400000e+03 2.7160811937273627e-02 2.5704803430529031e-02
2.4006000000e+03 2.6829332374525932e-02 2.5299516537998765e-02
2.4330800000e+03 2.6805839260840951e-02 2.7090786312046946e-02
2.4660200000e+03 2.6662891180805327e-02 2.7858372607571971e-02
2.4993800000e+03 2.6477288549539194e-02 2.8945345095947740e-02
2.5332200000e+03 2.6126282250208244e-02 2.6210663123810533e-02
2.5675000000e+03 2.5769103150646337e-02 2.1459400424511083e-02
2.6022400000e+03 2.5721834944689218e-02 2.5951159367769767e-02
2.6374600000e+03 2.5492847639877109e-02 2.5027967807830495e-02
2.6731600000e+03 2.5344869275250665e-02 2.6496890638583261e-02
2.7093400000e+03 2.5073839585519120e-02 2.4621395948314924e-02
2.7460000000e+03 2.4855750201994195e-02 2.3300972030129593e-02
2.7831600000e+03 2.4772054586187298e-02 2.6617787995621856e-02
2.8208200000e+03 2.4423302163284432e-02 2.2717739928144062e-02
2.8590000000e+03 2.4327383994444295e-02 2.4265475191624562e-02
2.8977000000e+03 2.4029722778671256e-02 2.2460214614573634e-02
2.9369200000e+03 2.3853522244011237e-02 2.2836683445220964e-02
2.9766600000e+03 2.3768613093836901e-02 2.4031106393153735e-02
3.0169400000e+03 2.3620962729137499e-02 2.5210884053065891e-02
3.0577800000e+03 2.3310678060422130e-02 2.2141239330032869e-02
3.0991600000e+03 2.3203376392914917e-02 2.4301510585501569e-02
3.1411000000e+03 2.3057152732647076e-02 2.3935338172117657e-02
3.1836200000e+03 2.2822897330583160e-02 2.2353228864095787e-02
3.2267000000e+03 2.2621240398724395e-02 2.0883500079719508e-02
3.2703600000e+03 2.2410046059830276e-02 2.1578366674392672e-02
3.3146200000e+03 2.2297661199993393e-02 2.2014109271464917e-02
3.3594800000e+03 2.2189206562789679e-02 2.3125856120261370e-02
3.4049600000e+03 2.1840542311320755e-02 1.8277039904407443e-02
3.4510400000e+03 2.1770060179753307e-02 2.0997336687808406e-02
3.4977400000e+03 2.1548728300954754e-02 2.0052095445554259e-02
3.5450800000e+03 2.1478969640179871e-02 2.2308789888976371e-02
3.5930600000e+03 2.1326775322253400e-02 2.1961793280644629e-02
3.6416800000e+03 2.1020092643098193e-02 2.0234326976655954e-02
3.6909600000e+03 2.0933658803953221e-02 2.1289268355876908e-02
3.7409200000e+03 2.0778378608334966e-02 2.0403896969003882e-02
3.7915600000e+03 2.0635609020194106e-02 1.9763361141894451e-02
3.8428600000e+03 2.0555275927134974e-02 2.2781491158651974e-02
3.8948800000e+03 2.0198599446036917e-02 1.8030933260513245e-02
3.9475800000e+03 2.0097863071395473e-02 1.9544450239447998e-02
4.0010000000e+03 1.9905793140589930e-02 1.9977381111397068e-02
4.0551600000e+03 1.9834326633964269e-02 2.0106526019577461e-02
4.1100400000e+03 1.9721627774875527e-02 2.0152033116076912e-02
4.1656600000e+03 1.9512205366463042e-02 1.9885080767069525e-02
4.2220400000e+03 1.9427990378047429e-02 2.1057695366297098e-02
4.2791800000e+03 1.9207089143186275e-02 1.9604830342223760e-02
4.3371000000e+03 1.9010730272686741e-02 1.8537903914714493e-02
4.3957800000e+03 1.8862896418170350e-02 1.6829572643127587e-02
4.4552800000e+03 1.8766825057913505e-02 2.0073716974040749e-02
4.5155800000e+03 1.8677682429987953e-02 2.0024159315196514e-02
4.5766800000e+03 1.8532407083066960e-02 1.9254769616941468e-02
4.6386200000e+03 1.8354695483185048e-02 1.8964413185613670e-02
4.7014000000e+03 1.8227032467774650e-02 1.8456184240772024e-02
4.7650400000e+03 1.8009962545944194e-02 1.7864602863064696e-02
4.8295200000e+03 1.7862189631231210e-02 1.6808704502824352e-02
4.8948800000e+03 1.7778488962632875e-02 1.8713463714212685e-02
4.9611200000e+03 1.7530994778404883e-02 1.6575657709912497e-02
5.0282800000e+03 1.7547756497605545e-02 1.8101501577079786e-02
5.0963200000e+03 1.7384947060200232e-02 1.8742008102947842e-02
5.1653000000e+03 1.7154748906017089e-02 1.4773089737698093e-02
5.2352000000e+03 1.7157404402241828e-02 1.8308844013115565e-02
5.3060600000e+03 1.6931602755818009e-02 1.5331846079503978e-02
5.3778600000e+03 1.6740149525122369e-02 1.6263988596808592e-02
5.4506400000e+03 1.6721793143000929e-02 1.6569289008769007e-02
5.5244200000e+03 1.6545014661352705e-02 1.5489494501652473e-02
5.5991800000e+03 1.6473768420174052e-02 1.6411808191664459e-02
5.6749600000e+03 1.6315258832406788e-02 1.6251729721260308e-02
5.7517600000e+03 1.6227584715886638e-02 1.6522283408590379e-02
5.8296000000e+03 1.6103312473084379e-02 1.7589395497824192e-02
5.9085000000e+03 1.5948570335930903e-02 1.5449095889935302e-02
5.9884600000e+03 1.5881945892192991e-02 1.5939524010146644e-02
6.0695000000e+03 1.5667927081334965e-02 1.4422427716895479e-02
6.1516400000e+03 1.5663094261055617e-02 1.7517817916633732e-02
6.2349000000e+03 1.5497249814435588e-02 1.6300979810002232e-02
6.3192800000e+03 1.5342907602115137e-02 1.4748715293333674e-02
6.4048000000e+03 1.5251135572961481e-02 1.4579006953280590e-02
6.4914800000e+03 1.5172426555243632e-02 1.5826944886225772e-02
6.5793400001e+03 1.5052438888682755e-02 1.5132039381204198e-02
6.6683800001e+03 1.4855058019008549e-02 1.3791966408295142e-02
6.7586400001e+03 1.4820043657863619e-02 1.4558395416264410e-02
6.8501000001e+03 1.4675786918440535e-02 1.4802487614596533e-02
6.9428000001e+03 1.4602410142521295e-02 1.4130204871721553e-02
7.0367800001e+03 1.4440719857447049e-02 1.2914098612952191e-02
7.1320000001e+03 1.4294699617239092e-02 1.2505173684862612e-02
7.2285200001e+03 1.4308553514213935e-02 1.4403217852214887e-02
7.3263600001e+03 1.4220069165134417e-02 1.4383738646570009e-02
7.4255000001e+03 1.4068305653814808e-02 1.4752805522338269e-02
7.5260000001e+03 1.3991459700438200e-02 1.5717361435857446e-02
7.6278600001e+03 1.3792008627176309e-02 1.2967094878481543e-02
7.7311000001e+03 1.3797495293232853e-02 1.5416304838249819e-02
7.8357200001e+03 1.3628697782676067e-02 1.3834403705848028e-02
7.9417600001e+03 1.3440894434124804e-02 1.2021803358105430e-02
8.0492400001e+03 1.3423675838666337e-02 1.2976609794977563e-02
8.1581800001e+03 1.3328706694929160e-02 1.3741958940848542e-02
8.2686000001e+03 1.3230530765095084e-02 1.3958661814117672e-02
8.3805000001e+03 1.3141258343397865e-02 1.3694501861403540e-02
8.4939200001e+03 1.3008608670440890e-02 1.2347772627559934e-02
8.6088800001e+03 1.3024053120278593e-02 1.4359636311888985e-02
8.7253800001e+03 1.2786924311609061e-02 1.2036822138247196e-02
8.8434600001e+03 1.2725680925247196e-02 1.2805813552999652e-02
8.9631600001e+03 1.2665012291312092e-02 1.2024877163538164e-02
9.0844600001e+03 1.2587723859177112e-02 1.2643335994755402e-02
9.2074000001e+03 1.2483349364807729e-02 1.2417330318411919e-02
9.3320200001e+03 1.2363441405680433e-02 1.2295369277807498e-02
9.4583200001e+03 1.2287303041701629e-02 1.2941676759595299e-02
9.5863200001e+03 1.2209037059544691e-02 1.3337247451538359e-02
9.7160600001e+03 1.2084128446820072e-02 1.2102738864095563e-02
9.8475600001e+03 1.2022656513070657e-02 1.2236736998627132e-02
9.9808200001e+03 1.1877612680581143e-02 1.0462121680635377e-02
1.0115900000e+04 1.1842012511718932e-02 1.1687142085142902e-02
1.0252800000e+04 1.1713540941906233e-02 1.1036100564208859e-02
1.0391560000e+04 1.1645525245013262e-02 1.0683013876183395e-02
1.0532200000e+04 1.1615678268852597e-02 1.2275618386960596e-02
1.0674740000e+04 1.1464477312907470e-02 1.1008502320008946e-02
1.0819220000e+04 1.1383548965787615e-02 1.1153927250184669e-02
1.0965640000e+04 1.1286607908074484e-02 1.0448960661389497e-02
1.1114040000e+04 1.1254988018234340e-02 1.2100056837512965e-02
1.1264460000e+04 1.1133503000064727e-02 1.0711380378322713e-02
1.1416900000e+04 1.1042194244370248e-02 1.0569807341430017e-02
1.1571420000e+04 1.1013459056292365e-02 1.1665221206168848e-02
1.1728020000e+04 1.0884976239882927e-02 1.0725646700313674e-02
1.1886740000e+04 1.0827854481629410e-02 1.0718976790172294e-02
1.2047620000e+04 1.0730758356154181e-02 1.0081093789446901e-02
1.2210660000e+04 1.0680437758114503e-02 1.0707481652638434e-02
1.2375920000e+04 1.0552145008436981e-02 1.0310544018181361e-02
1.2543420000e+04 1.0498367771154879e-02 1.0858688981264252e-02
1.2713180000e+04 1.0469118285716856e-02 1.0506088540035289e-02
1.2885220000e+04 1.0360610662126134e-02 1.0118642311482344e-02
1.3059620000e+04 1.0323449765965255e-02 1.1172769708948413e-02
1.3236360000e+04 1.0197309196591313e-02 1.0134313786709032e-02
1.3415500000e+04 1.0148181845841705e-02 1.0067339335458227e-02
1.3597060000e+04 1.0047314211522829e-02 9.1889599141620829e-03
1.3781080000e+04 1.0020211871694697e-02 1.0480854785218392e-02
1.3967580000e+04 9.8926713745007937e-03 1.0170309566487172e-02
1.4156620000e+04 9.8432424469419837e-03 1.0274969229583358e-02
1.4348200000e+04 9.8067431268583447e-03 1.0425891237333059e-02
1.4542400000e+04 9.7168105474353533e-03 1.0371698945380108e-02
1.4739200000e+04 9.6595387860402265e-03 1.0007398779111172e-02
1.4938680000e+04 9.5252084272545359e-03 9.5356826910278653e-03
1.5140860000e+04 9.5150530874992083e-03 1.0432391797081820e-02
1.5345760000e+04 9.3903595634033145e-03 9.2736723933037300e-03
1.5553460000e+04 9.3390294343967950e-03 9.3465669210634969e-03
1.5763940000e+04 9.2727620468286680e-03 8.9485867323400112e-03
1.5977300000e+04 9.2039896466989367e-03 8.6052177068181024e-03
1.6193520000e+04 9.1615769591639491e-03 9.4318519109717926e-03
1.6412680000e+04 9.1135034240709886e-03 9.0245761731276072e-03
1.6634800000e+04 8.9955630579748123e-03 8.5725515842362768e-03
1.6859940000e+04 8.9257847064536967e-03 8.5931852610029967e-03
1.7088120000e+04 8.8717170449002930e-03 8.6379896869676915e-03
1.7319380000e+04 8.8396118669976220e-03 9.2611654963120869e-03
1.7553780000e+04 8.7754498711581155e-03 9.4258382304339226e-03
1.7791340000e+04 8.7200992089758473e-03 9.2399096587623564e-03
1.8032120000e+04 8.6524674414318308e-03 8.6742972157753187e-03
1.8276160000e+04 8.5662322294432144e-03 8.7693718325422831e-03
1.8523520000e+04 8.5421695359867954e-03 8.6962063898396204e-03
1.8774200000e+04 8.4164349619997390e-03 8.0484909268260241e-03
1.9028280000e+04 8.3742238243798318e-03 8.6157841088913608e-03
1.9285820000e+04 8.3687719411811197e-03 8.7743905348072089e-03
1.9546820000e+04 8.2967454477262149e-03 8.7433661118785071e-03
1.9811360000e+04 8.1986432899598845e-03 8.1122887025504714e-03
2.0079480000e+04 8.1313250192561262e-03 7.8639284754034137e-03
2.0351240000e+04 8.0623856851165087e-03 6.9700218558932572e-03
2.0626660000e+04 8.0397934854257846e-03 7.9655712330145793e-03
2.0905820000e+04 7.9664019823335649e-03 7.7523857081804107e-03
2.1188740000e+04 7.9211006379615555e-03 7.8477307945527680e-03
2.1475520000e+04 7.8660707659256417e-03 8.5440706002522637e-03
2.1766160000e+04 7.8037329015882275e-03 7.4777891894131279e-03
2.2060740000e+04 7.7695590410267112e-03 8.1276805681317413e-03
2.2359300000e+04 7.6974729122591947e-03 8.2908042107690035e-03
2.2661900000e+04 7.6607893350858370e-03 8.2765222113879589e-03
2.2968600000e+04 7.5979554772080300e-03 8.0337496956019213e-03
2.3279440000e+04 7.5611834861718692e-03 8.3474367283767545e-03
2.3594500000e+04 7.4523384169183082e-03 6.9352412681763119e-03
2.3913820000e+04 7.4051210431529228e-03 7.1353008969802095e-03
2.4237460000e+04 7.4097167966065240e-03 8.2269385580991377e-03
2.4565500000e+04 7.3379585425933820e-03 7.3918191675460317e-03
2.4897960000e+04 7.2567905523028510e-03 6.9369979186089002e-03
2.5234920000e+04 7.1995706756995195e-03 6.8437842772391781e-03
2.5576440000e+04 7.1554550313691553e-03 7.0671791501690255e-03
2.5922580000e+04 7.1146561386801936e-03 6.9581230254523998e-03
2.6273400000e+04 7.0501055535969097e-03 6.9736951707016761e-03
2.6628980000e+04 7.0129652213039755e-03 6.9110691988198553e-03
2.6989380000e+04 6.9275325571367119e-03 6.2658802377925172e-03
2.7354640001e+04 6.8727282474829333e-03 6.0499755549560628e-03
2.7724860001e+04 6.8532638836955925e-03 6.4600911480285472e-03
2.8100080001e+04 6.8277381030911587e-03 6.8888258780656336e-03
2.8480360001e+04 6.7408955995906456e-03 6.4720898813017706e-03
2.8865820001e+04 6.7404394311200468e-03 7.1170478191707890e-03
2.9256480001e+04 6.6740184444133172e-03 6.7212911205760794e-03
2.9652420001e+04 6.6235276855123124e-03 6.4970036562637052e-03
3.0053740001e+04 6.5893488268601846e-03 6.5471011166026924e-03
3.0460460001e+04 6.5101006130349184e-03 6.0160855820223366e-03
3.0872720001e+04 6.4655264315460256e-03 5.9279995700200275e-03
3.1290540001e+04 6.4387833553319956e-03 6.4222344848179156e-03
3.1714020001e+04 6.3660543599068746e-03 6.4612755492789772e-03
3.2143220001e+04 6.3275671005771049e-03 5.9662774649357660e-03
3.2578240001e+04 6.3010062705854478e-03 6.5875560884586445e-03
3.3019140001e+04 6.2510956266142292e-03 6.1734092830867072e-03
3.3466020001e+04 6.2342823408384936e-03 6.9196013579818586e-03
3.3918940000e+04 6.1609517708309022e-03 6.2902319803314708e-03
3.4377980000e+04 6.1544089591878187e-03 6.2962350047636624e-03
3.4843240000e+04 6.0718942147531757e-03 6.2869319978015653e-03
3.5314800000e+04 6.0488713668467630e-03 6.4399276272040082e-03
3.5792740000e+04 5.9960617386999584e-03 5.8802346744619427e-03
3.6277140000e+04 5.9559272448708586e-03 5.7609043673456659e-03
3.6768120000e+04 5.9110508023818044e-03 5.9733933237460166e-03
3.7265720000e+04 5.8617224121948544e-03 5.8458452386546834e-03
3.7770060000e+04 5.8268200972155411e-03 5.8529544957422117e-03
3.8281240000e+04 5.7722244186042783e-03 6.0177133320896753e-03
3.8799320000e+04 5.7588832011009365e-03 6.2825861845307255e-03
3.9324420000e+04 5.7246518670457944e-03 6.1010040586848809e-03
3.9856619999e+04 5.6570519615319779e-03 5.5257819770299288e-03
4.0396039999e+04 5.6327247181624015e-03 5.3738694254259547e-03
4.0942739999e+04 5.5643396274156244e-03 5.3292461493257160e-03
4.1496839999e+04 5.5419080099034946e-03 5.5498248252381348e-03
4.2058459999e+04 5.5116288513302669e-03 5.8123675448076093e-03
4.2627659999e+04 5.4563004167070038e-03 5.3306579138221498e-03
4.3204579999e+04 5.4283499675355168e-03 5.6337710361658360e-03
4.3789299999e+04 5.3716027009295458e-03 5.0665170133446557e-03
4.4381919999e+04 5.3618194902794467e-03 5.6911740616096751e-03
4.4982579999e+04 5.3201571914948511e-03 5.7467424891620789e-03
4.5591359999e+04 5.3037006446439734e-03 5.8144536858869772e-03
4.6208379998e+04 5.2061272431244395e-03 4.9007920640961782e-03
4.6833739998e+04 5.1963951422693373e-03 5.1922199420738040e-03
4.7467579998e+04 5.1457238106321036e-03 4.9671165337777275e-03
4.8109999998e+04 5.1199444446856628e-03 4.6553431779559392e-03
4.8761099998e+04 5.0527380781200644e-03 4.1629980459399578e-03
4.9421019998e+04 5.0520073035424480e-03 5.1283354096941965e-03
5.0089859998e+04 5.0218454812091633e-03 5.0992519620904004e-03
5.0767759998e+04 4.9698848554532863e-03 4.8317601736307036e-03
5.1454839998e+04 4.9536717779091839e-03 5.1092781765150370e-03
5.2151219998e+04 4.8926054788659568e-03 4.3612444967088097e-03
5.2857019997e+04 4.9017313134874039e-03 4.9837316609509259e-03
5.3572379997e+04 4.8577649726644903e-03 5.1680095529127151e-03
5.4297399997e+04 4.8151038749583343e-03 4.9194346516962494e-03
5.5032239997e+04 4.7789437013886892e-03 4.6953408009561739e-03
5.5777039997e+04 4.7473513778496972e-03 4.6613353566243290e-03
5.6531899997e+04 4.7156393534149759e-03 4.8369222030155172e-03
5.7296999997e+04 4.6776513343952612e-03 4.5595269019640967e-03
5.8072439997e+04 4.6424471690241732e-03 4.7198087476985366e-03
5.8858379996e+04 4.6220055423090494e-03 4.8516424468652980e-03
5.9654939996e+04 4.5852537152889306e-03 4.5432203913909367e-03
6.0462299996e+04 4.5580993388755642e-03 4.5523330570273251e-03
6.1280579996e+04 4.5296240586492594e-03 4.9250670778517892e-03
6.2109919996e+04 4.4752110419851538e-03 4.2592512821266072e-03
6.2950499996e+04 4.4600863614339039e-03 4.5362615967677895e-03
6.3802459996e+04 4.4161669729330527e-03 4.1356643160084033e-03
6.4665939996e+04 4.4053513639924708e-03 4.5208888195470620e-03
6.5541119995e+04 4.3721388972804611e-03 4.6562108109221602e-03
6.6428119996e+04 4.3362723359012404e-03 4.4233426992558358e-03
6.7327139996e+04 4.3108121776450183e-03 4.1797367321448438e-03
6.8238339996e+04 4.2474663871033078e-03 3.5417840819463899e-03
6.9161859996e+04 4.2380314240454253e-03 3.9927990112729392e-03
7.0097859996e+04 4.2099429981392262e-03 4.2302384190060710e-03
7.1046559996e+04 4.1847433054084098e-03 4.2420481948664095e-03
7.2008079997e+04 4.1538021168116869e-03 4.1459701571591161e-03
7.2982619997e+04 4.1357934885590019e-03 4.2411969777447428e-03
7.3970339997e+04 4.1120393721852779e-03 4.2129552160722105e-03
7.4971439997e+04 4.0821578769961757e-03 4.1523108918407742e-03
7.5986079998e+04 4.0380989950564690e-03 4.1497784285286074e-03
7.7014439998e+04 4.0393432591168009e-03 4.6222499044338812e-03
7.8056739998e+04 3.9834733594841781e-03 4.1020208940127723e-03
7.9113139998e+04 3.9569997873612353e-03 3.7526508632259089e-03
8.0183819998e+04 3.9294788672476350e-03 3.9465826868754807e-03
8.1269019999e+04 3.9096102467977428e-03 4.1908738361273812e-03
8.2368879999e+04 3.8681955218392429e-03 3.6656144680128917e-03
8.3483639999e+04 3.8407722353052190e-03 3.9057835670027164e-03
8.4613479999e+04 3.8332303641141039e-03 3.9427552275656226e-03
8.5758619999e+04 3.8173906495100906e-03 4.0624605655036157e-03
8.6919260000e+04 3.7596852188345764e-03 3.5003292328119016e-03
8.8095600000e+04 3.7371006903539348e-03 3.5068458493667989e-03
8.9287860000e+04 3.7239566630475015e-03 3.7986097192534750e-03
9.0496240000e+04 3.6844659848205147e-03 3.6104450917270482e-03
9.1721000001e+04 3.6660281452180910e-03 3.5920075330472057e-03
9.2962320001e+04 3.6514222401926944e-03 3.7827522314867442e-03
9.4220440001e+04 3.6154531110152151e-03 3.6213381076927922e-03
9.5495600001e+04 3.5956249339981110e-03 3.5212720575466421e-03
9.6788020002e+04 3.5703478145942048e-03 3.6033935124831699e-03
9.8097920002e+04 3.5503956200632837e-03 3.6667219668274926e-03
9.9425540002e+04 3.5142127091846074e-03 3.5754547255012863e-03
1.0077114000e+05 3.4819884911310595e-03 3.2868150145627406e-03
1.0213494000e+05 3.4761777846240875e-03 3.3604401316035619e-03
1.0351720000e+05 3.4444304150371991e-03 3.4521899189162864e-03
1.0491818000e+05 3.4191412587994963e-03 3.3514544552057566e-03
1.0633812000e+05 3.3932924361520082e-03 3.4912561478514818e-03
1.0777726000e+05 3.3820821455284138e-03 3.4999695455471165e-03
1.0923588000e+05 3.3550919614221165e-03 3.2336737707575084e-03
1.1071426000e+05 3.3433600442705010e-03 3.4553401474702200e-03
1.1221262000e+05 3.3099717801767514e-03 3.6346331675198903e-03
1.1373128001e+05 3.2869443979536600e-03 3.6630852013879757e-03
1.1527048001e+05 3.2670678406470487e-03 3.4106324308158962e-03
1.1683052001e+05 3.2313708153247590e-03 2.9770870408345803e-03
1.1841168001e+05 3.1968046436495925e-03 3.1176892214065006e-03
1.2001422001e+05 3.1962043632616718e-03 3.2295395719850882e-03
1.2163846001e+05 3.1616508223810658e-03 3.0842005834516612e-03
1.2328468001e+05 3.1446043626226772e-03 3.1840743727988650e-03
1.2495318001e+05 3.1269447974296904e-03 3.1113734665341487e-03
1.2664426001e+05 3.1122591062018616e-03 3.0208958694888086e-03
1.2835824001e+05 3.0716218347358539e-03 2.7859741305308141e-03
1.3009540001e+05 3.0638604781845677e-03 3.1238996708869752e-03
1.3185606001e+05 3.0501167474167442e-03 3.0820741554588699e-03
1.3364056001e+05 3.0321313286157500e-03 3.0813388053370951e-03
1.3544922001e+05 2.9957411043433505e-03 2.9231525287201810e-03
1.3728236001e+05 2.9978940654099909e-03 3.1569148419874384e-03
1.3914030000e+05 2.9531114605958219e-03 3.0423337345061850e-03
1.4102338000e+05 2.9322406746469980e-03 2.6689810963263913e-03
1.4293194000e+05 2.9198213972041536e-03 2.8781988335259247e-03
1.4486634000e+05 2.9097631875407799e-03 3.0678365123092224e-03
1.4682692000e+05 2.8700499649049549e-03 2.7413372911883637e-03
1.4881404000e+05 2.8704324772123890e-03 3.1603147770720573e-03
1.5082804000e+05 2.8301971499435402e-03 2.6804158865293692e-03
1.5286930000e+05 2.8118796572337546e-03 2.6228346220871696e-03
1.5493820000e+05 2.8080600343728967e-03 2.8872247962682855e-03
1.5703508000e+05 2.7815532851841931e-03 2.8494898938480834e-03
1.5916035999e+05 2.7584062678332522e-03 2.7244976816624311e-03
1.6131437999e+05 2.7335328166385045e-03 2.5788252510783650e-03
1.6349755999e+05 2.7267178561546507e-03 2.6940946979890495e-03
1.6571029999e+05 2.6923719496421668e-03 2.6200050790936734e-03
1.6795295999e+05 2.6886342056976517e-03 2.7377573007507303e-03
1.7022599999e+05 2.6648950861026697e-03 2.4826187232657765e-03
1.7252977999e+05 2.6566287706645732e-03 2.7091619968480844e-03
1.7486475999e+05 2.6250996159252059e-03 2.4873477102684261e-03
1.7723131998e+05 2.6170181435286816e-03 2.6710329269290850e-03
1.7962991998e+05 2.5848274604867460e-03 2.5526275325075988e-03
1.8206097998e+05 2.5773687693853450e-03 2.5385680324634557e-03
1.8452493998e+05 2.5618370618502961e-03 2.5309817250955564e-03
1.8702223998e+05 2.5396859816416281e-03 2.5131088933930444e-03
1.8955335998e+05 2.5269725952440972e-03 2.5376285354664564e-03
1.9211871998e+05 2.5178019145448345e-03 2.6386886195319936e-03
1.9471879998e+05 2.4879821525918477e-03 2.5655564633660982e-03
1.9735405997e+05 2.4787166593114749e-03 2.6315867516309007e-03
2.0002499997e+05 2.4659555069552882e-03 2.7505146906025156e-03
2.0273207997e+05 2.4392423811140785e-03 2.3344498525975734e-03
2.0547577997e+05 2.4209426352952545e-03 2.2858590669949030e-03
2.0825663997e+05 2.4078338601933782e-03 2.3806584957605298e-03
2.1107511997e+05 2.3941278134134011e-03 2.5530028215528691e-03
2.1393175997e+05 2.3603109636694975e-03 2.1169136369890889e-03
2.1682703996e+05 2.3611974674369266e-03 2.5409547227578867e-03
2.1976151996e+05 2.3528966566778316e-03 2.6473936477227665e-03
2.2273569996e+05 2.3261873937336090e-03 2.4164764709661119e-03
2.2575013996e+05 2.3122106718339594e-03 2.4431315496271666e-03
2.2880537996e+05 2.2929720498766799e-03 2.2699154425910965e-03
2.3190197996e+05 2.2785132431943200e-03 2.4316119346033931e-03
2.3504045995e+05 2.2464859615011798e-03 2.0703262690778121e-03
2.3822143995e+05 2.2490438780682735e-03 2.2433206213145203e-03
2.4144545995e+05 2.2343254727321253e-03 2.2861030307599920e-03
2.4471309995e+05 2.2047160777791128e-03 2.0521572022365285e-03
2.4802497995e+05 2.1951505004755042e-03 2.0334799165705659e-03
2.5138167995e+05 2.1784056147565252e-03 2.0000470846820067e-03
2.5478379994e+05 2.1710465933546252e-03 2.1995791843702471e-03
2.5823197994e+05 2.1671834901709581e-03 2.4417100183225775e-03
2.6172681994e+05 2.1356185993588140e-03 2.0739545337838854e-03
2.6526895994e+05 2.1300911327674825e-03 2.2896174134469827e-03
2.6885901995e+05 2.1220551672212168e-03 2.2283598848429130e-03
2.7249767995e+05 2.1008133285160681e-03 2.2326557580764333e-03
2.7618559995e+05 2.0901857842530319e-03 2.2339273373473806e-03
2.7992339996e+05 2.0696400854456555e-03 2.0627312127132818e-03
2.8371179996e+05 2.0509682302094793e-03 2.0480192249731737e-03
2.8755147996e+05 2.0315621436875916e-03 1.8308334033687406e-03
2.9144311997e+05 2.0261286937574745e-03 1.9680026960444204e-03
2.9538741997e+05 2.0073817998677653e-03 1.8831496129485387e-03
2.9938511997e+05 1.9955554423036130e-03 1.9882746055513733e-03
3.0343689998e+05 1.9837214753249434e-03 1.9383939509222692e-03
3.0754353998e+05 1.9837983217534084e-03 2.1921326664057820e-03
3.1170573999e+05 1.9583499773248494e-03 1.9086291844992403e-03
3.1592427999e+05 1.9549955304466082e-03 2.1714701356568156e-03
3.2019989999e+05 1.9347608600769359e-03 2.0440838462572435e-03
3.2453340000e+05 1.9174528549936697e-03 1.7603113534576671e-03
3.2892554000e+05 1.8973793230730117e-03 1.7733127645282829e-03
3.3337712001e+05 1.8953996204732007e-03 1.8571055710384715e-03
3.3788896001e+05 1.8777440702663862e-03 1.9583944515791612e-03
3.4246184001e+05 1.8640159441480262e-03 1.6972292492504104e-03
3.4709662002e+05 1.8552365439705877e-03 1.8752582877337562e-03
3.5179412002e+05 1.8481264872224838e-03 1.9810379805692761e-03
3.5655520003e+05 1.8235965478358991e-03 1.6917111534877703e-03
3.6138072003e+05 1.8088771092976692e-03 1.5304887039594157e-03
3.6627154004e+05 1.8090165747145152e-03 1.9932553176742031e-03
3.7122856004e+05 1.8009225590614744e-03 1.9304998464512479e-03
3.7625266005e+05 1.7833416322523491e-03 1.9099531599694370e-03
3.8134476005e+05 1.7673024019225381e-03 1.7032806556314098e-03
3.8650576006e+05 1.7494677651714206e-03 1.6674607647598589e-03
3.9173662006e+05 1.7509086732358974e-03 1.8745773130624090e-03
3.9703828007e+05 1.7314538661607755e-03 1.6620536762768699e-03
4.0241168007e+05 1.7173691983327559e-03 1.6197693906841192e-03
4.0785780008e+05 1.7031583469006512e-03 1.6684927260795658e-03
4.1337762008e+05 1.6966511322343736e-03 1.6211514951102971e-03
4.1897216009e+05 1.6823191899616073e-03 1.5622686107836107e-03
4.2464240009e+05 1.6718870351416580e-03 1.6036569180435973e-03
4.3038940010e+05 1.6642848000313951e-03 1.7261702550805337e-03
4.3621416010e+05 1.6453948206167201e-03 1.5189199977291153e-03
4.4211776011e+05 1.6400559152773739e-03 1.6976978715614694e-03
4.4810126011e+05 1.6340069726708526e-03 1.6756568475738052e-03
4.5416572012e+05 1.6245502799534912e-03 1.7927360862626783e-03
4.6031228012e+05 1.6140515586370047e-03 1.7074767940194659e-03
4.6654200013e+05 1.6052820542442289e-03 1.7899181086780621e-03
4.7285604014e+05 1.5835324659141492e-03 1.5272594167030440e-03
4.7925554014e+05 1.5759897740105365e-03 1.6351842639377569e-03
4.8574166015e+05 1.5633579143695274e-03 1.5236113861077495e-03
4.9231554015e+05 1.5442996700684140e-03 1.3058072399951203e-03
4.9897840016e+05 1.5414617061173263e-03 1.5989482256421111e-03
5.0573142017e+05 1.5352616847871012e-03 1.5435171974275083e-03
5.1257584017e+05 1.5226216331517802e-03 1.4726019719074571e-03
5.1951290018e+05 1.5072543701518538e-03 1.3665893194762559e-03
5.2654384019e+05 1.5031058867374565e-03 1.5188606481262535e-03
5.3366994019e+05 1.4932658351546821e-03 1.4237145196155268e-03
5.4089246020e+05 1.4842298581383049e-03 1.4830260942344576e-03
5.4821276021e+05 1.4712239238291863e-03 1.4947080018090982e-03
5.5563210021e+05 1.4626783516288511e-03 1.5952157169231841e-03
5.6315186022e+05 1.4492531269438775e-03 1.4114913482911830e-03
5.7077340023e+05 1.4373445463072741e-03 1.2919678824991100e-03
5.7849808023e+05 1.4364195402966297e-03 1.4962074740862386e-03
5.8632732024e+05 1.4217311167381134e-03 1.4943475239320406e-03
5.9426250025e+05 1.4200927284329944e-03 1.4932001048378045e-03
6.0230508026e+05 1.4092329292392967e-03 1.4679947199986200e-03
6.1045650026e+05 1.3972353456789201e-03 1.3493604211251308e-03
6.1871824027e+05 1.3863413196659052e-03 1.4235710135779092e-03
6.2709180028e+05 1.3735987764492189e-03 1.3327977336762757e-03
6.3557868029e+05 1.3718680973998684e-03 1.5241909322713273e-03
6.4418040030e+05 1.3531058755991599e-03 1.2869317485066120e-03
6.5289856030e+05 1.3481138138812924e-03 1.3613661784567617e-03
6.6173470031e+05 1.3359645966767536e-03 1.2077058579879495e-03
6.7069042032e+05 1.3289332227913681e-03 1.2945143260487334e-03
6.7976736033e+05 1.3199861677323371e-03 1.2484331593623289e-03
6.8896714034e+05 1.3070779258746179e-03 1.3353765028424360e-03
6.9829142035e+05 1.3063583326101901e-03 1.4173191657837233e-03
7.0774190036e+05 1.2911653185957144e-03 1.2782328968715523e-03
7.1732026036e+05 1.2780460313091139e-03 1.1934397136839170e-03
7.2702828037e+05 1.2699072549881760e-03 1.1560857292527665e-03
7.3686766038e+05 1.2665309374330889e-03 1.2745063875741177e-03
7.4684022039e+05 1.2569282005574652e-03 1.2098551286503830e-03
7.5694774040e+05 1.2538620654243703e-03 1.3109745552198288e-03
7.6719204041e+05 1.2385866228084056e-03 1.2695524164192107e-03
7.7757500042e+05 1.2246845538307993e-03 1.0647054744494634e-03
7.8809848043e+05 1.2219325109003980e-03 1.1657590938542106e-03
7.9876438044e+05 1.2174068425669510e-03 1.2601069126290403e-03
8.0957462045e+05 1.2134826083361981e-03 1.3469379007249288e-03
8.2053118046e+05 1.1945747978284549e-03 1.1520621086839491e-03
8.3163600047e+05 1.1928862031111904e-03 1.2152383626142724e-03
8.4289112048e+05 1.1890593809665399e-03 1.2412358988474871e-03
8.5429858049e+05 1.1723482998875242e-03 1.1525845614348087e-03
8.6586040050e+05 1.1705704443721065e-03 1.2208502995244921e-03
8.7757870051e+05 1.1611727503476092e-03 1.1235992121709246e-03
8.8945560052e+05 1.1456353318043456e-03 1.0446582018553098e-03
9.0149324054e+05 1.1484088222921372e-03 1.2533680310732938e-03
9.1369378055e+05 1.1383777829131196e-03 1.1115051659811017e-03
9.2605946056e+05 1.1287581085441937e-03 1.1256685458369872e-03
9.3859248057e+05 1.1274655917491467e-03 1.1890404764648282e-03
9.5129512058e+05 1.1118946370496825e-03 1.0782571753548951e-03
9.6416966059e+05 1.1013260305175359e-03 1.0847441582445229e-03
9.7721846061e+05 1.0965180116086961e-03 1.0595083955857823e-03
9.9044386062e+05 1.0861473000684362e-03 9.8633266551941033e-04
1.0038482406e+06 1.0842655047142507e-03 1.1247266280873720e-03
1.0174340206e+06 1.0749587045852840e-03 1.0753518497697246e-03
1.0312036807e+06 1.0710941293297219e-03 1.1012923910270552e-03
1.0451597007e+06 1.0620698059963813e-03 1.0243368571520399e-03
1.0593046007e+06 1.0540462085467748e-03 1.0257587764771364e-03
1.0736409207e+06 1.0481218907907285e-03 1.0377275480014621e-03
1.0881712607e+06 1.0398453487605102e-03 9.9991482203597290e-04
1.1028982607e+06 1.0378644809102759e-03 1.1768727146496615e-03
1.1178245607e+06 1.0252616623438065e-03 9.9810019100404789e-04
1.1329528808e+06 1.0156264928101568e-03 9.1838387414740501e-04
1.1482859408e+06 1.0154896300781345e-03 1.0033343535714098e-03
1.1638265008e+06 1.0073670002759632e-03 1.0326413566558381e-03
1.1795774008e+06 9.9684926484799896e-04 9.7808730347536993e-04
1.1955414608e+06 9.8965852019121153e-04 9.0034390011589703e-04
1.2117215808e+06 9.8831243213810989e-04 1.0452336820187917e-03
1.2281206608e+06 9.7797642330412610e-04 9.8163879714825166e-04
1.2447417009e+06 9.7430437350290357e-04 1.0214821661643854e-03
1.2615876609e+06 9.6480729191143386e-04 9.8695852822772959e-04
1.2786616209e+06 9.5881941764936645e-04 9.4845684270352185e-04
1.2959666609e+06 9.5122259062546330e-04 9.3927159013702181e-04
1.3135059009e+06 9.4811786680849190e-04 9.8908479982613945e-04
1.3312825209e+06 9.4224202349801900e-04 9.4576190528235476e-04
1.3492997010e+06 9.3218560518140128e-04 9.2259846713936794e-04
1.3675607410e+06 9.3097311298234731e-04 1.0414888579919144e-03
1.3860689210e+06 9.2053631800810630e-04 8.9796387947606901e-04
1.4048275810e+06 9.1230005996574483e-04 8.5837546020584162e-04
1.4238401010e+06 9.1413065170299081e-04 9.7786276426774406e-04
1.4431099410e+06 9.0519504079324012e-04 9.2023415134165907e-04
1.4626405811e+06 8.9607023226648274e-04 8.7536830410890002e-04
1.4824355411e+06 8.9647528011457063e-04 9.9373137830786147e-04
1.5024983811e+06 8.8984033746663757e-04 9.9414475903440670e-04
1.5228327611e+06 8.7959334873396154e-04 9.1180346965723811e-04
1.5434423411e+06 8.7384979473628210e-04 9.4439763082560153e-04
1.5643308412e+06 8.6561639160624866e-04 8.5670125688232343e-04
1.5855020612e+06 8.5996940162065246e-04 8.7711131278946878e-04
1.6069597812e+06 8.5195518925596707e-04 7.7715483086710575e-04
1.6287079012e+06 8.4589841413249336e-04 8.3549585660829852e-04
1.6507503812e+06 8.4074286498785913e-04 7.7695292749856257e-04
1.6730911413e+06 8.3562007330559708e-04 7.6372694187722395e-04
1.6957342813e+06 8.3268836398137037e-04 7.8902746385723483e-04
1.7186838613e+06 8.2607535901364087e-04 8.2951740385934602e-04
1.7419440413e+06 8.2147447274764224e-04 7.8905332988757565e-04
1.7655190013e+06 8.1615276106651472e-04 8.5802854615475114e-04
1.7894130214e+06 8.1297939787261238e-04 8.4986685696891609e-04
1.8136304214e+06 8.0298350675723606e-04 7.3893737082484539e-04
1.8381755814e+06 7.9944959567829796e-04 7.9700655805036943e-04
1.8630529214e+06 7.8987044441680915e-04 7.4658589609352341e-04
1.8882669415e+06 7.8866342799978827e-04 7.6645814459131041e-04
1.9138222015e+06 7.8174916321310588e-04 7.9348095682396777e-04
1.9397233215e+06 7.7678303836687616e-04 7.2976884520562174e-04
1.9659749615e+06 7.6900768953165177e-04 6.8577762477494114e-04
1.9925819016e+06 7.6595646420854881e-04 7.4197413533199307e-04
2.0195489416e+06 7.6093805731996199e-04 7.9220322335936660e-04
2.0468809216e+06 7.6011305871574286e-04 7.8678285219907311e-04
2.0745828216e+06 7.5141938872155659e-04 7.1083171905428810e-04
2.1026596217e+06 7.4601605953363427e-04 7.0681704258351407e-04
2.1311164217e+06 7.3952817893432107e-04 6.8525300041011458e-04
2.1599583417e+06 7.3976209328655473e-04 8.0663062906891460e-04
2.1891905817e+06 7.3220271785800594e-04 7.6918428557298671e-04
2.2188184618e+06 7.2508984135410265e-04 6.9545559821977622e-04
2.2488473018e+06 7.2350889979017540e-04 7.3516752462788292e-04
2.2792825618e+06 7.2000772163934804e-04 7.7476791046530470e-04
2.3101297018e+06 7.1372984122100667e-04 7.2080694033798071e-04
2.3413943419e+06 7.1164281237034207e-04 7.8737248325222995e-04
2.3730821019e+06 7.0254531758715997e-04 6.8910462542269351e-04
2.4051987019e+06 6.9872710736847165e-04 7.6810201650201481e-04
2.4377499620e+06 6.9394744217796394e-04 7.1421153232615350e-04
2.4707417820e+06 6.8853588034105395e-04 6.7250133757326550e-04
2.5041800820e+06 6.8593543890872256e-04 7.3767438452618976e-04
2.5380709221e+06 6.7636627492964846e-04 6.1473583433153934e-04
2.5724204421e+06 6.7328727267270338e-04 6.8358667405398334e-04
2.6072348421e+06 6.6920684604783486e-04 6.7821386786887973e-04
2.6425204022e+06 6.6783440574891425e-04 7.1936765781121072e-04
2.6782835222e+06 6.6385929380494743e-04 7.1054912925908780e-04
2.7145306422e+06 6.5661369679015564e-04 6.2033808761233959e-04
2.7512683023e+06 6.5165566276741127e-04 5.9435875703165689e-04
2.7885031823e+06 6.4494221138785212e-04 6.1855393827213077e-04
2.8262419823e+06 6.4739827959605430e-04 7.0756755186449798e-04
2.8644915224e+06 6.3748952893714309e-04 6.2397583803998433e-04
2.9032587224e+06 6.3613042506615680e-04 6.4155856697827474e-04
2.9425505824e+06 6.3204502311018209e-04 6.3835120486684669e-04
2.9823742225e+06 6.2705379187749492e-04 6.1418030323843347e-04
3.0227368025e+06 6.2274320434690608e-04 6.3379409115287336e-04
3.0636456625e+06 6.1759543090043043e-04 5.8169346932211631e-04
3.1051081626e+06 6.1190630688863945e-04 5.9730889897974281e-04
3.1471318026e+06 6.0938732554229014e-04 6.3255757022655647e-04
3.1897241627e+06 6.0430571709464047e-04 5.9656604196121150e-04
3.2328929827e+06 6.0121793430181476e-04 5.7627416805198194e-04
3.2766460227e+06 5.9854433754111063e-04 6.2945359313987606e-04
3.3209912028e+06 5.9593114977125189e-04 6.3552301361053569e-04
3.3659365428e+06 5.9048175876540490e-04 6.4907290668232600e-04
3.4114901429e+06 5.8363350480693536e-04 5.2519226543469208e-04
3.4576602629e+06 5.8149175153104471e-04 5.5760266150678265e-04
3.5044552430e+06 5.7852253706510044e-04 5.9566313022020546e-04
3.5518835430e+06 5.7565591006699844e-04 5.9101241227312875e-04
3.5999537030e+06 5.7097221040788631e-04 5.9925428362360997e-04
3.6486744431e+06 5.6840819951013168e-04 6.4695995614426588e-04
3.6980545431e+06 5.6277674826127571e-04 5.8465538106496962e-04
3.7481029432e+06 5.5842775994127583e-04 5.3290921889141457e-04
3.7988286832e+06 5.5709040434180743e-04 6.2346519347235123e-04
3.8502409433e+06 5.5160237471348604e-04 5.5482335107818873e-04
3.9023489833e+06 5.4429222004204235e-04 5.2513011277917961e-04
3.9551622634e+06 5.4712656814504392e-04 6.2428604639969826e-04
4.0086902834e+06 5.4129460615783996e-04 5.9027489881010686e-04
4.0629427435e+06 5.3686713496137509e-04 5.7698326408900402e-04
4.1179294435e+06 5.3064954893442429e-04 5.1250851912520480e-04
4.1736603036e+06 5.2779883436998348e-04 5.1660922885021982e-04
4.2301454228e+06 5.2537113885558150e-04 5.1342775789016350e-04
4.2873949815e+06 5.2188018998924424e-04 5.2146557834469736e-04
4.3454193602e+06 5.1845619059435642e-04 5.4116238946934738e-04
4.4042289989e+06 5.1367256936272717e-04 4.7648321515083387e-04
4.4638345776e+06 5.1157844608749946e-04 4.9014428188800955e-04
4.5242468162e+06 5.0603936794395483e-04 4.6654359499345434e-04
4.5854766749e+06 5.0515488243668672e-04 5.2082357439619262e-04
4.6475351935e+06 5.0123301026542091e-04 4.8861602832765640e-04
4.7104335921e+06 4.9752425097174550e-04 4.9381037292222361e-04
4.7741832306e+06 4.9237343992640644e-04 4.6738082771717609e-04
4.8387956492e+06 4.9080753408327175e-04 5.0145731919754694e-04
4.9042825277e+06 4.8623237618060529e-04 4.7415682735757952e-04
4.9706556662e+06 4.8605806966328403e-04 5.0399175050308879e-04
5.0379270847e+06 4.8146612323245511e-04 4.4649371837488509e-04
5.1061089432e+06 4.7811949297493268e-04 4.7570128741180007e-04
5.1752135417e+06 4.7700586246369754e-04 4.9441990255099993e-04
5.2452533801e+06 4.7266770560191763e-04 4.7994269917584761e-04
5.3162411385e+06 4.7020212736663430e-04 5.1469806669635749e-04
5.3881896169e+06 4.6482495684043178e-04 4.5708750605525273e-04
5.4611118153e+06 4.6225818337223212e-04 4.6608350973919904e-04
5.5350209136e+06 4.6097637931050758e-04 4.7300170401277187e-04
5.6099302920e+06 4.5680408829656906e-04 4.6087525569585074e-04
5.6858534703e+06 4.5248287733558123e-04 4.3056439896453110e-04
5.7628041685e+06 4.5127286875978949e-04 4.7638602991101309e-04
5.8407963068e+06 4.4804749546795868e-04 4.5061733199641793e-04
5.9198439650e+06 4.4398437364322787e-04 4.3239414509968211e-04
5.9999614232e+06 4.4000481372300654e-04 4.1969730331998384e-04
6.0811631614e+06 4.3824941840694368e-04 4.7152030292550484e-04
6.1634638796e+06 4.3554741399420431e-04 4.4027096953299744e-04
6.2468784177e+06 4.3146616738122296e-04 4.1666996111571777e-04
6.3314218558e+06 4.2766347859005149e-04 4.2735032069898392e-04
6.4171094939e+06 4.2591311118502499e-04 4.2594299253920144e-04
6.5039568120e+06 4.2509888474909132e-04 4.8885512892468414e-04
6.5919794900e+06 4.2165195101838128e-04 4.2402675869379088e-04
6.6811934280e+06 4.1705268641181406e-04 4.0059603996913106e-04
6.7716147860e+06 4.1492275106649076e-04 3.9792561532837840e-04
6.8632598639e+06 4.1304124282149599e-04 4.2667495681087482e-04
6.9561452419e+06 4.1120399160114566e-04 4.3606734545419785e-04
7.0502876998e+06 4.0629251002657863e-04 4.1040356679566861e-04
7.1457042576e+06 4.0397272674938544e-04 4.0075535783050598e-04
7.2424121555e+06 4.0031071143355277e-04 3.7671858139040615e-04
7.3404288733e+06 3.9804927548834225e-04 3.9547637109840761e-04
7.4397721311e+06 3.9644168424065966e-04 4.2986656248677053e-04
7.5404598488e+06 3.9196979568058613e-04 3.9426819757774987e-04
7.6425102665e+06 3.9109770161387830e-04 4.1777370572265244e-04
7.7459417842e+06 3.8707879018374321e-04 3.4535387628493720e-04
7.8507731419e+06 3.8572002185240643e-04 3.8231187154651278e-04
7.9570232395e+06 3.8435407168705695e-04 4.1484651304694804e-04
8.0647112971e+06 3.7901844067308196e-04 3.5591422284877072e-04
8.1738567747e+06 3.7829730039127597e-04 3.7644490720808592e-04
8.2844793922e+06 3.7523595829752415e-04 4.0877193251159772e-04
8.3965991297e+06 3.7243366769224907e-04 3.7340299754385562e-04
8.5102362871e+06 3.6919432129650306e-04 3.7161827061099378e-04
8.6254113646e+06 3.6809027448833723e-04 3.7968896016916498e-04
8.7421452019e+06 3.6402508345639921e-04 3.4185883204333587e-04
8.8604588793e+06 3.6097716488032669e-04 3.2580540198226489e-04
8.9803737566e+06 3.5978377555060997e-04 3.5130523000816659e-04
9.1019115539e+06 3.5866115454135538e-04 3.9364232248357276e-04
9.2250941912e+06 3.5582267732585864e-04 3.7272629611541114e-04
9.3499439684e+06 3.5197309230360096e-04 3.2468165715786405e-04
9.4764834055e+06 3.4927149040909079e-04 3.2283082807038122e-04
9.6047354027e+06 3.4844957912440644e-04 3.6793514652639720e-04
9.7347231198e+06 3.4523365995597704e-04 3.4715575014132929e-04
9.8664700568e+06 3.4374288253446458e-04 3.5054887516445849e-04
