# t E S  (m=4 n=3 eps=0 alpha=1 mu=1 h=0.02 seed=1) BACD splitting
1.0000000000e+00 1.2928154982338351e+00 1.1074739367797612e+00
1.0200000000e+00 1.2869445059950562e+00 1.1213198700790803e+00
1.0400000000e+00 1.2810834005857401e+00 1.1344299985957411e+00
1.0600000000e+00 1.2752458941138307e+00 1.1467942278075181e+00
1.0800000000e+00 1.2694453266516772e+00 1.1584045182666189e+00
1.1000000000e+00 1.2636945698919306e+00 1.1692548978371375e+00
1.1200000000e+00 1.2580059383702946e+00 1.1793414631127401e+00
1.1400000000e+00 1.2523911090643911e+00 1.1886623704182258e+00
1.1600000000e+00 1.2468610500156254e+00 1.1972178168603318e+00
1.1800000000e+00 1.2414259584572576e+00 1.2050100119456815e+00
1.2000000000e+00 1.2360952087702426e+00 1.2120431403270326e+00
1.2200000000e+00 1.2308773104316586e+00 1.2183233162731537e+00
1.2400000000e+00 1.2257798759713339e+00 1.2238585304829879e+00
1.2600000000e+00 1.2208095988127701e+00 1.2286585898816940e+00
1.2800000000e+00 1.2159722407464177e+00 1.2327350510452111e+00
1.3000000000e+00 1.2112726286681641e+00 1.2361011479017474e+00
1.3200000000e+00 1.2067146601145164e+00 1.2387717143537802e+00
1.3400000000e+00 1.2023013170390335e+00 1.2407631024534398e+00
1.3600000000e+00 1.1980346872022858e+00 1.2420930967483077e+00
1.3800000000e+00 1.1939159924900311e+00 1.2427808253944492e+00
1.4000000000e+00 1.1899456234310088e+00 1.2428466686096520e+00
1.4200000000e+00 1.1861231791562517e+00 1.2423121650131064e+00
1.4400000000e+00 1.1824475120253652e+00 1.2411999163688354e+00
1.4600000000e+00 1.1789167761408972e+00 1.2395334912197018e+00
1.4800000000e+00 1.1755284789787672e+00 1.2373373278674289e+00
1.5000000000e+00 1.1722795353795843e+00 1.2346366371223063e+00
1.5200000000e+00 1.1691663231714851e+00 1.2314573052146025e+00
1.5400000000e+00 1.1661847397286458e+00 1.2278257972286428e+00
1.5600000000e+00 1.1633302588097583e+00 1.2237690613903771e+00
1.5800000000e+00 1.1605979870663203e+00 1.2193144345103921e+00
1.6000000000e+00 1.1579827196605121e+00 1.2144895488569691e+00
1.6200000000e+00 1.1554789944856414e+00 1.2093222407081494e+00
1.6400000000e+00 1.1530811445376627e+00 1.2038404608079909e+00
1.6600000000e+00 1.1507833480431786e+00 1.1980721869303654e+00
1.6800000000e+00 1.1485796760067815e+00 1.1920453387338270e+00
1.7000000000e+00 1.1464641368978157e+00 1.1857876950732371e+00
1.7200000000e+00 1.1444307182529307e+00 1.1793268139179818e+00
1.7400000000e+00 1.1424734250255557e+00 1.1726899550126308e+00
1.7600000000e+00 1.1405863145661015e+00 1.1659040054037166e+00
1.7800000000e+00 1.1387635281668222e+00 1.1589954079457951e+00
1.8000000000e+00 1.1369993191524421e+00 1.1519900928909588e+00
1.8200000000e+00 1.1352880775415404e+00 1.1449134126583322e+00
1.8400000000e+00 1.1336243513440123e+00 1.1377900798736227e+00
1.8600000000e+00 1.1320028645964610e+00 1.1306441087633277e+00
1.8800000000e+00 1.1304185322699818e+00 1.1234987599835318e+00
1.9000000000e+00 1.1288664722132924e+00 1.1163764889591596e+00
1.9200000000e+00 1.1273420143185702e+00 1.1092988978058886e+00
1.9400000000e+00 1.1258407071175203e+00 1.1022866909034845e+00
1.9600000000e+00 1.1243583220311995e+00 1.0953596341859124e+00
1.9800000000e+00 1.1228908555089743e+00 1.0885365182100049e+00
2.0000000000e+00 1.1214345292997174e+00 1.0818351250606004e+00
2.0200000000e+00 1.1199857891021001e+00 1.0752721991456942e+00
2.0400000000e+00 1.1185413018406729e+00 1.0688634219301774e+00
2.0600000000e+00 1.1170979518105475e+00 1.0626233906510092e+00
2.0800000000e+00 1.1156528359260227e+00 1.0565656010500730e+00
2.1000000000e+00 1.1142032582976791e+00 1.0507024341534175e+00
2.1400000000e+00 1.1112809346628965e+00 1.0396038681492925e+00
2.1600000000e+00 1.1098037787426633e+00 1.0343875955105239e+00
2.2000000000e+00 1.1068078338792249e+00 1.0246604349374686e+00
2.2200000000e+00 1.1052857139233949e+00 1.0201619415051177e+00
2.2600000000e+00 1.1021861026745394e+00 1.0119178936272726e+00
2.2800000000e+00 1.1006062607936016e+00 1.0081782362667568e+00
2.3200000000e+00 1.0973817771083156e+00 1.0014706691018445e+00
2.3400000000e+00 1.0957356888913201e+00 9.9850259930385643e-01
2.3800000000e+00 1.0923732783483420e+00 9.9333049214457492e-01
2.4000000000e+00 1.0906563580212123e+00 9.9112086501329644e-01
2.4400000000e+00 1.0871506077074113e+00 9.8743443555173305e-01
2.4800000000e+00 1.0835498666317689e+00 9.8468987832198573e-01
2.5000000000e+00 1.0817146797625874e+00 9.8365515733572517e-01
2.5400000000e+00 1.0779773281404106e+00 9.8222461222993707e-01
2.5800000000e+00 1.0741554954512391e+00 9.8159222928951639e-01
2.6000000000e+00 1.0722150800720576e+00 9.8155381082454429e-01
2.6400000000e+00 1.0682803698053163e+00 9.8198696833942112e-01
2.6800000000e+00 1.0642814480523262e+00 9.8303725152355714e-01
2.7200000000e+00 1.0602281444246646e+00 9.8462801912557951e-01
2.7600000000e+00 1.0561306920204043e+00 9.8668272586161421e-01
2.7800000000e+00 1.0540686097350358e+00 9.8786053730432666e-01
2.8200000000e+00 1.0499239102846523e+00 9.9047152087256940e-01
2.8600000000e+00 1.0457594708999374e+00 9.9336502093227586e-01
2.9000000000e+00 1.0415834009583476e+00 9.9647562819193236e-01
2.9400000000e+00 1.0374022476449545e+00 9.9974343370533680e-01
2.9800000000e+00 1.0332206676215627e+00 1.0031146738408938e+00
3.0200000000e+00 1.0290411860539881e+00 1.0065421565415602e+00
3.0600000000e+00 1.0248640578832597e+00 1.0099854731483793e+00
3.1000000000e+00 1.0206872400596636e+00 1.0134110056449939e+00
3.1400000000e+00 1.0165064767618710e+00 1.0167917440010112e+00
3.1800000000e+00 1.0123154929916747e+00 1.0201069322418959e+00
3.2400000000e+00 1.0059919658435537e+00 1.0249254034073365e+00
3.2800000000e+00 1.0017375740407133e+00 1.0280220726682396e+00
3.3200000000e+00 9.9743999378818149e-01 1.0310214597124778e+00
3.3600000000e+00 9.9308847778349252e-01 1.0339231322846911e+00
3.4000000000e+00 9.8867258831033311e-01 1.0367289520082428e+00
3.4600000000e+00 9.8190730442846774e-01 1.0407652902021476e+00
3.5000000000e+00 9.7729119263313180e-01 1.0433467554139400e+00
3.5400000000e+00 9.7258339838473540e-01 1.0458443793903220e+00
3.6000000000e+00 9.6534279289289149e-01 1.0494366185637909e+00
3.6400000000e+00 9.6039588957121680e-01 1.0517269910068747e+00
3.7000000000e+00 9.5280329304172406e-01 1.0549940435401219e+00
3.7400000000e+00 9.4763621358021544e-01 1.0570467101905758e+00
3.8000000000e+00 9.3975245737140889e-01 1.0599037715377462e+00
3.8400000000e+00 9.3442713618152506e-01 1.0616338084738972e+00
3.9000000000e+00 9.2637520189924893e-01 1.0639094237111377e+00
3.9600000000e+00 9.1830263962090963e-01 1.0657186490784236e+00
4.0000000000e+00 9.1294346531355353e-01 1.0666134134562451e+00
4.0600000000e+00 9.0499198914699275e-01 1.0674021987743667e+00
4.1200000000e+00 8.9720937673718781e-01 1.0674175378947057e+00
4.1600000000e+00 8.9214890076127740e-01 1.0669362206346420e+00
4.2200000000e+00 8.8479644194949669e-01 1.0653857822788013e+00
4.2800000000e+00 8.7777703616672942e-01 1.0627383044837473e+00
4.3400000000e+00 8.7113177573973366e-01 1.0588904459472517e+00
4.4000000000e+00 8.6488698332717828e-01 1.0537577424587299e+00
4.4600000000e+00 8.5905343576424964e-01 1.0472798909699779e+00
4.5200000000e+00 8.5362675848793590e-01 1.0394253601954238e+00
4.5800000000e+00 8.4858889465140841e-01 1.0301951333779757e+00
4.6400000000e+00 8.4391044415262362e-01 1.0196254097066233e+00
4.7000000000e+00 8.3955359009005692e-01 1.0077891139069473e+00
4.7600000000e+00 8.3547529172460466e-01 9.9479609147050152e-01
4.8400000000e+00 8.3039293539948689e-01 9.7592912776989482e-01
4.9000000000e+00 8.2679071182255692e-01 9.6085973213819187e-01
4.9600000000e+00 8.2332326810021228e-01 9.4524014695688141e-01
5.0200000000e+00 8.1995552088649337e-01 9.2930796007101468e-01
5.1000000000e+00 8.1557007640326140e-01 9.0801551336719377e-01
5.1600000000e+00 8.1232971130330744e-01 8.9234419560262856e-01
5.2400000000e+00 8.0804081601694100e-01 8.7232848561926091e-01
5.3000000000e+00 8.0483056737588099e-01 8.5828339755451422e-01
5.3800000000e+00 8.0053842048176682e-01 8.4124220421808071e-01
5.4600000000e+00 7.9621190721706236e-01 8.2649058748341364e-01
5.5200000000e+00 7.9293040715067442e-01 8.1710052331121230e-01
5.6000000000e+00 7.8848512489527556e-01 8.0693239165383990e-01
5.6800000000e+00 7.8393192577036852e-01 7.9946031791654926e-01
5.7600000000e+00 7.7923626119710565e-01 7.9455426812671714e-01
5.8200000000e+00 7.7559865804193651e-01 7.9240336252170018e-01
5.9000000000e+00 7.7056437582625503e-01 7.9127941280892033e-01
5.9800000000e+00 7.6528957046594592e-01 7.9173708602611281e-01
6.0600000000e+00 7.5975038598852618e-01 7.9327745348575407e-01
6.1400000000e+00 7.5393760601851589e-01 7.9538512735446298e-01
6.2400000000e+00 7.4630379435597693e-01 7.9807178069420404e-01
6.3200000000e+00 7.3994357332290073e-01 7.9974583019349499e-01
6.4000000000e+00 7.3341840121462543e-01 8.0064321521469894e-01
6.4800000000e+00 7.2680142346092891e-01 8.0055541654562345e-01
6.5800000000e+00 7.1852889596767744e-01 7.9893620101179230e-01
6.6600000000e+00 7.1201552435545135e-01 7.9648252381074558e-01
6.7600000000e+00 7.0413767648609227e-01 7.9221339497545085e-01
6.8400000000e+00 6.9812962152118596e-01 7.8811500170184134e-01
6.9400000000e+00 6.9106936675407693e-01 7.8257661512889265e-01
7.0400000000e+00 6.8455975668504321e-01 7.7705598588106906e-01
7.1200000000e+00 6.7975701991764947e-01 7.7293907347187707e-01
7.2200000000e+00 6.7423568129047240e-01 7.6839211771090210e-01
7.3200000000e+00 6.6919025548716426e-01 7.6456888153098557e-01
7.4200000000e+00 6.6452997552007287e-01 7.6131090283806002e-01
7.5200000000e+00 6.6014710536394461e-01 7.5824596094239660e-01
7.6200000000e+00 6.5593028927594743e-01 7.5484042669575557e-01
7.7200000000e+00 6.5177822050547163e-01 7.5047884923241182e-01
7.8400000000e+00 6.4677113962244070e-01 7.4314304252373553e-01
7.9400000000e+00 6.4252213715964135e-01 7.3472611922787467e-01
8.0400000000e+00 6.3818588752815697e-01 7.2394649105537878e-01
8.1600000000e+00 6.3288079503808636e-01 7.0795809578158919e-01
8.2600000000e+00 6.2840530814265971e-01 6.9250830351931758e-01
8.3800000000e+00 6.2302004714658699e-01 6.7239974821507709e-01
8.4800000000e+00 6.1856435237424889e-01 6.5537923981279167e-01
8.6000000000e+00 6.1331645870341722e-01 6.3615829068305663e-01
8.7200000000e+00 6.0824615627083389e-01 6.1990396596220554e-01
8.8400000000e+00 6.0342342003956673e-01 6.0811534758380503e-01
8.9600000000e+00 5.9889741761379700e-01 6.0180022816034395e-01
9.0800000000e+00 5.9467697657843033e-01 6.0130263824857488e-01
9.2000000000e+00 5.9072107536871621e-01 6.0622287207579650e-01
9.3200000000e+00 5.8694739572482213e-01 6.1544512843050303e-01
9.4600000000e+00 5.8264292124432127e-01 6.2935409199844261e-01
9.5800000000e+00 5.7894099708755697e-01 6.4160670084480775e-01
9.7000000000e+00 5.7517913749086480e-01 6.5191458008680958e-01
9.8400000000e+00 5.7071783623152950e-01 6.5898962657308635e-01
9.9800000000e+00 5.6623969526485352e-01 6.5873324437428338e-01
1.0100000000e+01 5.6245522411243187e-01 6.5196134378082671e-01
1.0240000000e+01 5.5816826550068444e-01 6.3673357681612908e-01
1.0380000000e+01 5.5405234624229172e-01 6.1510046460650569e-01
1.0520000000e+01 5.5010476494786542e-01 5.8954260605099462e-01
1.0660000000e+01 5.4630449885636900e-01 5.6308733180861004e-01
1.0800000000e+01 5.4263056182959923e-01 5.3884362597761126e-01
1.0960000000e+01 5.3855734582825499e-01 5.1734000074834297e-01
1.1100000000e+01 5.3505313580407465e-01 5.0615233679056737e-01
1.1260000000e+01 5.3100551587217681e-01 5.0330117817232489e-01
1.1400000000e+01 5.2730639198587770e-01 5.0923519453063848e-01
1.1560000000e+01 5.2278262228837502e-01 5.2392150510012780e-01
1.1720000000e+01 5.1791118813868664e-01 5.4400063712391933e-01
1.1880000000e+01 5.1276892726317513e-01 5.6559463121542586e-01
1.2040000000e+01 5.0750309641541924e-01 5.8470081662002238e-01
1.2200000000e+01 5.0227507606702604e-01 5.9776633111821142e-01
1.2360000000e+01 4.9723562441934255e-01 6.0215709081673041e-01
1.2520000000e+01 4.9253100577222092e-01 5.9648874881267000e-01
1.2700000000e+01 4.8781320023408836e-01 5.7818411126571689e-01
1.2880000000e+01 4.8383006585092692e-01 5.4937012657273709e-01
1.3040000000e+01 4.8088431865118059e-01 5.1810624061780530e-01
1.3220000000e+01 4.7803458499989121e-01 4.8114872465311131e-01
1.3400000000e+01 4.7535234683536476e-01 4.4741017037686009e-01
1.3580000000e+01 4.7256237584473904e-01 4.2167617586941997e-01
1.3760000000e+01 4.6958373604243830e-01 4.0752901334946495e-01
1.3960000000e+01 4.6614092203037016e-01 4.0763443718919795e-01
1.4140000000e+01 4.6291603756096106e-01 4.2172940983688922e-01
1.4340000000e+01 4.5879890344786572e-01 4.4986417982900495e-01
1.4520000000e+01 4.5401492719241149e-01 4.8152763332662102e-01
1.4720000000e+01 4.4706720390399485e-01 5.1645915604983605e-01
1.4920000000e+01 4.3880746561506762e-01 5.4318323194814355e-01
1.5120000000e+01 4.3049122293940001e-01 5.5505383066910741e-01
1.5320000000e+01 4.2346031143159946e-01 5.4850562325302976e-01
1.5540000000e+01 4.1794848310747518e-01 5.2036018729232159e-01
1.5740000000e+01 4.1467444031822198e-01 4.8001632309321313e-01
1.5960000000e+01 4.1209814217823132e-01 4.2785322204413750e-01
1.6180000000e+01 4.0976562588991688e-01 3.7840922035621272e-01
1.6400000000e+01 4.0724760237046764e-01 3.4251651453995452e-01
1.6620000000e+01 4.0444888394072331e-01 3.2791523794110516e-01
1.6840000000e+01 4.0131510750743238e-01 3.3704526649228383e-01
1.7060000000e+01 3.9761292785712149e-01 3.6615909713758904e-01
1.7300000000e+01 3.9254870359718702e-01 4.1000381597515384e-01
1.7540000000e+01 3.8641810223370843e-01 4.5163493797684784e-01
1.7760000000e+01 3.8048907678122373e-01 4.7608794646800368e-01
1.8000000000e+01 3.7464780656239705e-01 4.8040938020281310e-01
1.8260000000e+01 3.6962918170638520e-01 4.5871914038339978e-01
1.8500000000e+01 3.6596326441905636e-01 4.2162418607275187e-01
1.8740000000e+01 3.6282761860368079e-01 3.7913077556909236e-01
1.9000000000e+01 3.5996118408374439e-01 3.3960945326231090e-01
1.9260000000e+01 3.5764521704501073e-01 3.1647121660273819e-01
1.9520000000e+01 3.5542470095992618e-01 3.1316133886248493e-01
1.9780000000e+01 3.5268468453147395e-01 3.2673501158996593e-01
2.0060000000e+01 3.4902467247321922e-01 3.5213431486983593e-01
2.0320000000e+01 3.4522872327996817e-01 3.7676128234052858e-01
2.0600000000e+01 3.4076396326323793e-01 3.9498838778480705e-01
2.0880000000e+01 3.3590989493968787e-01 3.9708517208576877e-01
2.1160000000e+01 3.3114492885490221e-01 3.8031777047555360e-01
2.1440000000e+01 3.2703402143594495e-01 3.4963353834716276e-01
2.1740000000e+01 3.2332243056879501e-01 3.1521165330215828e-01
2.2020000000e+01 3.2006990377449052e-01 2.9660917232030742e-01
2.2320000000e+01 3.1657866914174998e-01 3.0011113707938125e-01
2.2620000000e+01 3.1315915872830968e-01 3.2227921225662176e-01
2.2940000000e+01 3.0960390778312991e-01 3.4608216891121896e-01
2.3240000000e+01 3.0616882901659875e-01 3.4991279262098229e-01
2.3560000000e+01 3.0241984227728369e-01 3.3040473381044222e-01
2.3880000000e+01 2.9905315782242409e-01 3.0191640207008952e-01
2.4200000000e+01 2.9632157172573992e-01 2.8478541736165147e-01
2.4520000000e+01 2.9373604976072165e-01 2.8614916518917966e-01
2.4860000000e+01 2.9062661519670757e-01 2.9751079348196491e-01
2.5200000000e+01 2.8741235224278178e-01 3.0461863414242035e-01
2.5540000000e+01 2.8451658259932622e-01 3.0420891784262338e-01
2.5880000000e+01 2.8192983179865838e-01 3.0199235704112742e-01
2.6240000000e+01 2.7933510232209147e-01 2.9978916518948612e-01
2.6580000000e+01 2.7683405075999723e-01 2.9248396772643132e-01
2.6940000000e+01 2.7381635670461463e-01 2.7657415359280485e-01
2.7320000000e+01 2.7016819153869448e-01 2.6028280104844753e-01
2.7680000000e+01 2.6698933575345796e-01 2.5716189139069190e-01
2.8060000000e+01 2.6444596537268789e-01 2.6649423352327040e-01
2.8440000000e+01 2.6205413194881899e-01 2.7672121801232252e-01
2.8820000000e+01 2.5894549025568225e-01 2.8038309497895347e-01
2.9220000000e+01 2.5563297242202915e-01 2.8047656151008304e-01
2.9600000000e+01 2.5322649147091997e-01 2.7810661526999725e-01
3.0000000000e+01 2.5074217791450099e-01 2.6444906843507476e-01
3.0420000000e+01 2.4796503621637839e-01 2.3601348385378676e-01
3.0820000000e+01 2.4543781349293320e-01 2.1613637097822147e-01
3.1240000000e+01 2.4282489463321616e-01 2.2694563158060271e-01
3.1660000000e+01 2.4033437873345281e-01 2.6223574729743765e-01
3.2100000000e+01 2.3746659410767545e-01 2.8503790576712923e-01
3.2520000000e+01 2.3421129351430264e-01 2.6877328651461047e-01
3.2960000000e+01 2.3117600196199178e-01 2.2966468106239310e-01
3.3420000000e+01 2.2907036503198752e-01 2.0411556288329324e-01
3.3860000000e+01 2.2739192831114868e-01 2.0901927489661545e-01
3.4320000000e+01 2.2511405402465468e-01 2.3140310301584874e-01
3.4780000000e+01 2.2203826616513928e-01 2.5001018439232015e-01
3.5260000000e+01 2.1851648464446674e-01 2.4657565557745850e-01
3.5740000000e+01 2.1549445301732817e-01 2.1924490692334395e-01
3.6220000000e+01 2.1309082619167263e-01 1.9656952562282801e-01
3.6700000000e+01 2.1110732162074000e-01 2.0507826537753129e-01
3.7200000000e+01 2.0853365295121931e-01 2.2957837733694389e-01
3.7700000000e+01 2.0559823249946682e-01 2.2942562555679036e-01
3.8220000000e+01 2.0286116245436570e-01 2.0019519993002638e-01
3.8740000000e+01 2.0047924848154450e-01 1.8136170889344655e-01
3.9260000000e+01 1.9862690900609911e-01 1.9922165838942080e-01
3.9800000000e+01 1.9667084450428679e-01 2.2840702051312756e-01
4.0320000000e+01 1.9474828344556278e-01 2.2050997574499820e-01
4.0880000000e+01 1.9254721298856836e-01 1.7869953596954988e-01
4.1420000000e+01 1.9073120124131837e-01 1.6085442418486973e-01
4.1980000000e+01 1.8901275019173241e-01 1.8842167730882153e-01
4.2560000000e+01 1.8680359390079382e-01 2.2444788376968761e-01
4.3140000000e+01 1.8474489923081827e-01 2.1247834663611465e-01
4.3720000000e+01 1.8252109018724505e-01 1.6162136212655645e-01
4.4300000000e+01 1.8054568582546637e-01 1.5074482776974951e-01
4.4900000000e+01 1.7881393137460555e-01 1.9415499675293885e-01
4.5520000000e+01 1.7577048010039639e-01 2.0648069497228078e-01
4.6120000000e+01 1.7322936365430608e-01 1.7768259351996113e-01
4.6760000000e+01 1.7181822025597257e-01 1.6114921088753761e-01
4.7380000000e+01 1.6999976982656920e-01 1.6316001603427988e-01
4.8020000000e+01 1.6763159958305227e-01 1.7699963176014705e-01
4.8680000000e+01 1.6546334473537394e-01 1.8342789765926282e-01
4.9340000000e+01 1.6324471012262828e-01 1.6306542822933837e-01
5.0000000000e+01 1.6166418523588222e-01 1.5297003907507481e-01
5.0680000000e+01 1.5986589421117373e-01 1.6106184889045039e-01
5.1360000000e+01 1.5766539181036054e-01 1.7029063004739356e-01
5.2060000000e+01 1.5609778146413791e-01 1.6994854543463145e-01
5.2760000000e+01 1.5407556829239891e-01 1.4008033304453010e-01
5.3480000000e+01 1.5254019711894071e-01 1.4461933841109620e-01
5.4200000000e+01 1.5121503300997838e-01 1.7405732031808122e-01
5.4940000000e+01 1.4925684352919802e-01 1.5764802545396239e-01
5.5680000000e+01 1.4721325624800113e-01 1.3378911403488539e-01
5.6440000000e+01 1.4487920137056204e-01 1.3852644749019019e-01
5.7200000000e+01 1.4390689187585601e-01 1.6620605266903560e-01
5.7980000000e+01 1.4174594787459097e-01 1.4544795717208758e-01
5.8760000000e+01 1.4005227890749378e-01 1.2666699638904738e-01
5.9560000000e+01 1.3908510960108836e-01 1.4930574070574631e-01
6.0360000000e+01 1.3726923328054533e-01 1.3991441178350628e-01
6.1180000000e+01 1.3542494521140369e-01 1.3060506583349973e-01
6.2000000000e+01 1.3403781789977920e-01 1.5179583546541964e-01
6.2840000000e+01 1.3236920264352417e-01 1.2666211886450054e-01
6.3700000000e+01 1.3055823545052961e-01 1.1323263234344344e-01
6.4560000000e+01 1.2947241457065295e-01 1.5989475975822445e-01
6.5420000000e+01 1.2787814061946351e-01 1.3373982141637689e-01
6.6320000000e+01 1.2580932436191505e-01 9.3832129723169913e-02
6.7200000000e+01 1.2512281328211200e-01 1.4576861377464909e-01
6.8120000000e+01 1.2245390613691653e-01 1.4150920836350095e-01
6.9040000000e+01 1.2088259379876488e-01 1.0092417541377602e-01
6.9980000000e+01 1.1921955588334519e-01 1.1527569851985979e-01
7.0920000000e+01 1.1639765106167119e-01 1.4185144129493579e-01
7.1880000000e+01 1.1462007734074220e-01 1.1020670746767397e-01
7.2860000000e+01 1.1312215665550129e-01 1.0044243530102846e-01
7.3840000000e+01 1.1123887936402224e-01 1.2562386162425795e-01
7.4840000000e+01 1.0942922337367465e-01 1.1645829916129873e-01
7.5860000000e+01 1.0813302145781942e-01 9.7666362904454102e-02
7.6880000000e+01 1.0688427457393392e-01 1.1116222367779678e-01
7.7920000000e+01 1.0575443494108332e-01 1.1290000008487486e-01
7.8980000000e+01 1.0459651574566588e-01 1.0427681566781480e-01
8.0040000000e+01 1.0361518032936456e-01 9.6205906817915132e-02
8.1120000000e+01 1.0182334102501110e-01 1.1131160983983324e-01
8.2220000000e+01 1.0078114815515278e-01 1.0790049176302194e-01
8.3340000000e+01 9.9074377086817100e-02 7.9056585004288804e-02
8.4460000000e+01 9.8469889813881731e-02 1.2533070126956430e-01
8.5600000000e+01 9.6825511594285277e-02 8.1513108939838569e-02
8.6760000000e+01 9.6018840291167640e-02 9.9830175120003264e-02
8.7940000000e+01 9.4777072564279627e-02 1.0048142909562199e-01
8.9120000000e+01 9.3499863579101464e-02 9.0619820185688316e-02
9.0340000000e+01 9.2510843228088557e-02 9.3621897913634802e-02
9.1560000000e+01 9.1118966987692104e-02 9.2557255312825548e-02
9.2800000000e+01 8.9797552847606668e-02 9.2754243663359395e-02
9.4040000000e+01 8.8458278476007540e-02 8.5106545074421211e-02
9.5320000000e+01 8.7096022367252057e-02 9.4890542724317711e-02
9.6620000000e+01 8.6224517345780766e-02 7.8243389164960875e-02
9.7920000000e+01 8.5499053251484700e-02 9.3261518089598094e-02
9.9240000000e+01 8.4447801137105941e-02 8.5575890285928047e-02
1.0058000000e+02 8.3091099987152514e-02 7.5296797803702048e-02
1.0194000000e+02 8.2521181831422055e-02 9.3905747744020551e-02
1.0332000000e+02 8.1095036074202265e-02 7.3189539210754509e-02
1.0472000000e+02 8.0115888971034471e-02 8.9671407796025629e-02
1.0614000000e+02 7.8951482239558612e-02 7.3196438792024990e-02
1.0758000000e+02 7.8244630649672575e-02 8.0539534271247964e-02
1.0904000000e+02 7.7413727507298122e-02 8.1408483652394587e-02
1.1052000000e+02 7.6265749798823945e-02 6.9847657518612410e-02
1.1200000000e+02 7.5699498575578325e-02 8.4950722207489032e-02
1.1352000000e+02 7.4265569286436600e-02 6.5803022946246348e-02
1.1506000000e+02 7.3647780037543575e-02 7.8151714363664970e-02
1.1662000000e+02 7.2613395077627693e-02 7.3496839345964279e-02
1.1820000000e+02 7.1835332680648956e-02 7.5904067971129058e-02
1.1980000000e+02 7.0797685070189895e-02 6.8818119419773560e-02
1.2142000000e+02 7.0082275012104497e-02 7.4545334985221340e-02
1.2306000000e+02 6.8952853284894075e-02 6.9661870453689434e-02
1.2472000000e+02 6.8163956086403493e-02 6.2872273514974306e-02
1.2642000000e+02 6.7535300281085064e-02 7.5489039790259227e-02
1.2812000000e+02 6.6430774955696950e-02 5.9888452668814429e-02
1.2986000000e+02 6.5816159392800430e-02 6.2746303770821146e-02
1.3162000000e+02 6.5367210746279603e-02 7.2956719531728817e-02
1.3340000000e+02 6.4257619117605427e-02 6.4802262901220542e-02
1.3520000000e+02 6.3171969280047785e-02 5.3408279899367785e-02
1.3702000000e+02 6.2208787153043218e-02 7.3143242907133366e-02
1.3888000000e+02 6.1285064996564047e-02 5.6902799233733398e-02
1.4076000000e+02 6.0583367356343606e-02 6.3052652971524570e-02
1.4266000000e+02 5.9719346133959898e-02 5.7248819820745041e-02
1.4460000000e+02 5.8913940981316797e-02 5.8210792147969065e-02
1.4656000000e+02 5.8298149446213615e-02 5.4653522626093846e-02
1.4854000000e+02 5.7746377527510710e-02 6.6998305955291146e-02
1.5054000000e+02 5.6794677557884921e-02 5.7059393239909308e-02
1.5258000000e+02 5.5836096362878819e-02 4.4896514302513173e-02
1.5466000000e+02 5.5250450041984402e-02 5.7049100323806744e-02
1.5674000000e+02 5.4699915626995825e-02 5.7018875604929749e-02
1.5886000000e+02 5.4145506558767549e-02 6.0397737495371688e-02
1.6102000000e+02 5.3357604302755865e-02 5.4255532399746877e-02
1.6320000000e+02 5.2545858818973022e-02 4.6226998234621113e-02
1.6540000000e+02 5.2019369868222122e-02 5.4290585320488950e-02
1.6764000000e+02 5.1355978520196285e-02 5.4802329151683843e-02
1.6990000000e+02 5.0339338178601208e-02 4.7353617387750582e-02
1.7220000000e+02 4.9504994092976345e-02 4.2368248331052800e-02
1.7454000000e+02 4.9078630183859225e-02 4.0425344372841641e-02
1.7690000000e+02 4.8717062017718596e-02 4.6894341670240106e-02
1.7930000000e+02 4.8213362610229432e-02 5.2776460567383748e-02
1.8172000000e+02 4.7568649930341177e-02 4.8831012904560468e-02
1.8418000000e+02 4.7071312958599752e-02 4.7279883837440626e-02
1.8668000000e+02 4.6370824004319862e-02 4.9521963429840068e-02
1.8920000000e+02 4.5770936396126859e-02 4.8648990083349518e-02
1.9176000000e+02 4.5154689672892427e-02 4.0567049021173196e-02
1.9436000000e+02 4.4498425549814265e-02 3.5002776888155354e-02
1.9698000000e+02 4.4073523314123425e-02 3.6974024012222793e-02
1.9966000000e+02 4.3403695798710944e-02 3.7006748537534273e-02
2.0236000000e+02 4.2824226168427945e-02 3.8938133993944843e-02
2.0510000000e+02 4.2177507833228017e-02 4.0183771652170207e-02
2.0786000000e+02 4.1768356148793588e-02 4.2388733835175975e-02
2.1068000000e+02 4.1161106306162126e-02 3.8457357212428211e-02
2.1354000000e+02 4.0773256035209170e-02 3.7073057181104582e-02
2.1642000000e+02 4.0160629070285739e-02 3.3968188025510021e-02
2.1934000000e+02 3.9707837030403148e-02 3.4061624378615117e-02
2.2232000000e+02 3.9196339127391913e-02 4.0219281475653908e-02
2.2532000000e+02 3.8809835439879828e-02 4.5223514780896770e-02
2.2838000000e+02 3.8297430217493385e-02 4.4703806660007721e-02
2.3146000000e+02 3.7707065076024462e-02 4.0187936896803063e-02
2.3460000000e+02 3.6985674172471061e-02 3.5422985004883355e-02
2.3778000000e+02 3.6492878624036655e-02 3.5097678861417902e-02
2.4100000000e+02 3.5909060859953851e-02 2.8647924351984017e-02
2.4426000000e+02 3.5330621887960600e-02 2.6276190223457861e-02
2.4756000000e+02 3.5041236886747193e-02 3.2926188054512390e-02
2.5090000000e+02 3.4627836450687607e-02 3.4157688087122773e-02
2.5430000000e+02 3.4008273503122938e-02 3.0698647213459690e-02
2.5774000000e+02 3.3620690925165134e-02 3.3042966559093161e-02
2.6124000000e+02 3.3107408961807409e-02 3.1184854325316824e-02
2.6478000000e+02 3.2858265732444082e-02 3.8925440968706579e-02
2.6836000000e+02 3.2376842108740908e-02 3.2263560248135516e-02
2.7198000000e+02 3.1875203117325245e-02 3.0271997444683608e-02
2.7566000000e+02 3.1672110962301110e-02 3.4537898038938086e-02
2.7940000000e+02 3.1249176829993137e-02 3.2280414032147639e-02
2.8318000000e+02 3.0733970338099985e-02 2.7470417648655036e-02
2.8700000000e+02 3.0377114941892217e-02 3.1871184042423006e-02
2.9090000000e+02 2.9812626831537563e-02 2.4456743335981669e-02
2.9484000000e+02 2.9685738191412535e-02 3.5742613347668602e-02
2.9882000000e+02 2.9206199111466026e-02 3.0464816221661022e-02
3.0286000000e+02 2.8744731352599581e-02 2.7086199740996002e-02
3.0696000000e+02 2.8550315616183802e-02 2.9744744390909298e-02
3.1112000000e+02 2.8024356926611951e-02 2.5151342554871156e-02
3.1532000000e+02 2.7846612631470424e-02 2.7156560843726786e-02
3.1960000000e+02 2.7430560048367261e-02 3.0790482020585326e-02
3.2392000000e+02 2.7043889570668597e-02 2.6837979924081639e-02
3.2830000000e+02 2.6606010766840993e-02 2.3509169755260295e-02
3.3274000000e+02 2.6351763902138836e-02 2.4494398486342564e-02
3.3726000000e+02 2.6144204747786698e-02 2.9239284359454304e-02
3.4182000000e+02 2.5762534937960147e-02 2.6408746979036571e-02
3.4644000000e+02 2.5380255742689189e-02 2.5198418107267993e-02
3.5112000000e+02 2.5157449261556001e-02 2.8653291727685250e-02
3.5588000000e+02 2.4650842993073966e-02 2.4201602580157296e-02
3.6070000000e+02 2.4274740851623521e-02 2.2158035189057255e-02
3.6558000000e+02 2.3993380428966454e-02 2.0416434744204497e-02
3.7052000000e+02 2.3840591035976494e-02 2.5387668979835278e-02
3.7554000000e+02 2.3435591923915734e-02 2.3591513426423998e-02
3.8062000000e+02 2.3179183177333244e-02 2.1496587983378713e-02
3.8578000000e+02 2.2908851671231408e-02 2.4298755893807200e-02
3.9100000000e+02 2.2572991692431908e-02 1.9046638362789539e-02
3.9628000000e+02 2.2313539267031848e-02 2.5134790037183018e-02
4.0164000000e+02 2.1920003590871599e-02 1.9165297719305301e-02
4.0708000000e+02 2.1624873546541634e-02 2.1978200899249532e-02
4.1260000000e+02 2.1305663649086364e-02 1.9753270695366084e-02
4.1818000000e+02 2.1061933999000779e-02 1.9628514095990073e-02
4.2384000000e+02 2.0871287565523935e-02 2.1574056663384775e-02
4.2958000000e+02 2.0544901736524544e-02 1.9575146226982025e-02
4.3538000000e+02 2.0259865940867355e-02 2.0191174501997561e-02
4.4128000000e+02 1.9989581005981381e-02 1.7929370312621259e-02
4.4726000000e+02 1.9720683004573771e-02 1.7624998549001857e-02
4.5330000000e+02 1.9681093801816152e-02 2.3250964065915210e-02
4.5944000000e+02 1.9328924960004698e-02 1.9308516467774310e-02
4.6566000000e+02 1.9069683224870616e-02 1.7922568528492805e-02
4.7196000000e+02 1.8783993548007711e-02 1.6062259862805621e-02
4.7834000000e+02 1.8691854046655864e-02 1.9991898432755298e-02
4.8482000000e+02 1.8436653359084697e-02 1.9130871990365207e-02
4.9138000000e+02 1.8110688761265953e-02 1.8115595316631854e-02
4.9804000000e+02 1.7988675811819985e-02 2.2210946236244412e-02
5.0478000000e+02 1.7663676327321250e-02 1.9539490264354382e-02
5.1160000000e+02 1.7444297486155388e-02 1.9266129824729954e-02
5.1852000000e+02 1.7118947043160498e-02 1.3761238804382854e-02
5.2554000000e+02 1.6983179257316107e-02 1.7105558225076405e-02
5.3266000000e+02 1.6727233012757130e-02 1.5229423218318251e-02
5.3986000000e+02 1.6607409522776555e-02 1.8236365996467663e-02
5.4718000000e+02 1.6349062824912230e-02 1.9987033869478019e-02
5.5458000000e+02 1.6146319027660189e-02 1.7927365115879237e-02
5.6208000000e+02 1.5949031814185013e-02 1.5944699216527025e-02
5.6968000000e+02 1.5683533099817855e-02 1.6517282699019468e-02
5.7740000000e+02 1.5454702817996924e-02 1.5474241899146106e-02
5.8522000000e+02 1.5235347804258226e-02 1.3822551265046062e-02
5.9314000000e+02 1.5019622864344563e-02 1.2744450634068982e-02
6.0116000000e+02 1.4921206411128908e-02 1.5539056364955017e-02
6.0930000000e+02 1.4741291153944614e-02 1.5973568580223349e-02
6.1754000000e+02 1.4468180001566161e-02 1.4106971507855825e-02
6.2590000000e+02 1.4341863179184849e-02 1.5818983272879911e-02
6.3436000000e+02 1.4121592019706929e-02 1.3959600207787517e-02
6.4296000000e+02 1.3894319600099726e-02 1.2070936351349185e-02
6.5166000000e+02 1.3763056389462578e-02 1.4045991732290368e-02
6.6048000000e+02 1.3566206697861944e-02 1.2276370937601137e-02
6.6942000000e+02 1.3437593841607257e-02 1.4517303389555107e-02
6.7848000000e+02 1.3292903666417286e-02 1.5881342933224057e-02
6.8766000000e+02 1.3048763341502553e-02 1.2714501884866128e-02
6.9696000000e+02 1.2838246623785375e-02 1.1170442036040531e-02
7.0640000000e+02 1.2717451196311336e-02 1.1087514576886056e-02
7.1596000000e+02 1.2558362988182846e-02 1.2366047112968287e-02
7.2564000000e+02 1.2453609556605585e-02 1.4625761836614844e-02
7.3546000000e+02 1.2275674126786314e-02 1.3671347729987276e-02
7.4542000000e+02 1.2113257754031824e-02 1.2148869433856411e-02
7.5550000000e+02 1.1958548714236794e-02 1.2239785709882739e-02
7.6574000000e+02 1.1708852830739287e-02 9.8398671025436198e-03
7.7610000000e+02 1.1574785400979785e-02 1.0855686163852105e-02
7.8660000000e+02 1.1470386046076692e-02 1.2554891684549929e-02
7.9724000000e+02 1.1316110883147905e-02 1.2654888537443917e-02
8.0804000000e+02 1.1071080222191202e-02 8.9270061181608903e-03
8.1896000000e+02 1.0950932470283448e-02 1.1445383811275654e-02
8.3006000000e+02 1.0836087115362717e-02 1.1111158568647615e-02
8.4128000000e+02 1.0702676382847345e-02 1.1225381121670971e-02
8.5266000000e+02 1.0567620566591348e-02 1.1666070956546331e-02
8.6420000000e+02 1.0446987613113520e-02 1.0336901711047793e-02
8.7590000000e+02 1.0285390176828736e-02 1.1717387728643306e-02
8.8776000000e+02 1.0095908924191252e-02 9.2041748856817474e-03
8.9978000000e+02 9.9633129542798186e-03 9.8385507136325469e-03
9.1196000000e+02 9.8620166720416024e-03 8.7802654418259688e-03
9.2430000000e+02 9.7198905333913659e-03 9.2953056837139468e-03
9.3680000000e+02 9.5813149399895537e-03 8.6163027702800179e-03
9.4948000000e+02 9.4524560568138259e-03 8.7051899316496571e-03
9.6232000000e+02 9.3313933827629258e-03 7.5120345753902397e-03
9.7536000000e+02 9.2973023960857947e-03 9.6332882169435936e-03
9.8856000000e+02 9.1478504466621490e-03 9.1297380794665671e-03
1.0019400000e+03 8.9949100303018271e-03 8.4392819216404132e-03
1.0155000000e+03 8.8718955833721191e-03 7.6124072611544200e-03
1.0292400000e+03 8.7729204834415733e-03 8.1691385803375899e-03
1.0431600000e+03 8.6017636441477405e-03 6.9961542225400672e-03
1.0572800000e+03 8.5274767887887071e-03 8.1301091099148098e-03
1.0716000000e+03 8.4494999860102848e-03 9.8807557403032802e-03
1.0861000000e+03 8.3486350817962140e-03 9.1705654950740151e-03
1.1008000000e+03 8.2072185771671115e-03 7.9026516130345052e-03
1.1156800000e+03 8.1100346437127033e-03 8.9031532048242275e-03
1.1307800000e+03 7.9940036305122409e-03 8.4490635910649797e-03
1.1461000000e+03 7.8963143658384444e-03 8.2058446839805878e-03
1.1616000000e+03 7.7785936745373473e-03 7.3167118138317989e-03
1.1773200000e+03 7.6837862720815523e-03 8.3913205268446468e-03
1.1932600000e+03 7.5737179205432300e-03 7.3464314395428124e-03
1.2094000000e+03 7.4717398418679580e-03 7.3672875421401602e-03
1.2257800000e+03 7.3676031423736575e-03 6.8433392047035965e-03
1.2423600000e+03 7.2790837306078151e-03 6.9188439976328878e-03
1.2591800000e+03 7.1894520951409670e-03 7.6153848928293090e-03
1.2762200000e+03 7.1009344371657963e-03 7.3363259624468326e-03
1.2935000000e+03 7.0164166302054201e-03 7.6740917325728584e-03
1.3110000000e+03 6.9355801282282538e-03 6.9750790106605180e-03
1.3287400000e+03 6.8376763711831155e-03 7.0748816116401499e-03
1.3467200000e+03 6.7674663428681702e-03 7.5559397082444859e-03
1.3649400000e+03 6.6080382029809542e-03 5.3779274475919984e-03
1.3834200000e+03 6.5720329107745888e-03 7.2229210991091751e-03
1.4021400000e+03 6.4579012080621398e-03 6.1247791304491032e-03
1.4211200000e+03 6.4033201288830107e-03 6.8480064218533355e-03
1.4403600000e+03 6.3313898107297843e-03 7.9385828185602036e-03
1.4598400000e+03 6.2168048324000259e-03 6.7383208958666611e-03
1.4796000000e+03 6.1506402652386867e-03 6.9037638033655748e-03
1.4996200000e+03 6.0899152821349591e-03 7.3297420872424218e-03
1.5199200000e+03 5.9655254811513498e-03 5.1465411481593547e-03
1.5405000000e+03 5.8646946328984335e-03 5.3730452863871240e-03
1.5613400000e+03 5.8145781103030010e-03 6.2305160923633064e-03
1.5824800000e+03 5.7279529672126100e-03 5.3615901894236437e-03
1.6038800000e+03 5.6583766351363928e-03 5.5979714021939719e-03
1.6256000000e+03 5.5904256027228278e-03 5.6164728295769748e-03
1.6476000000e+03 5.5051219975731820e-03 5.0280372564994883e-03
1.6699000000e+03 5.4394406897670259e-03 5.2402695143594817e-03
1.6925000000e+03 5.3778655136350103e-03 6.2569310576062395e-03
1.7154000000e+03 5.3207573816511514e-03 6.0887051786942970e-03
1.7386200000e+03 5.2101498247411658e-03 4.7503613156083171e-03
1.7621400000e+03 5.1662962513025898e-03 5.9160502614897664e-03
1.7859800000e+03 5.0718012395728606e-03 4.6410037838059684e-03
1.8101600000e+03 5.0130530440678778e-03 4.8204111044785908e-03
1.8346600000e+03 4.9649322685365992e-03 4.8528240424331988e-03
1.8594800000e+03 4.8716559786811265e-03 4.5201349714777336e-03
1.8846600000e+03 4.8306721230745864e-03 4.9273636416417022e-03
1.9101600000e+03 4.7885828044987181e-03 5.5491774192087846e-03
1.9360200000e+03 4.6861195673577336e-03 3.9127388244538175e-03
1.9622200000e+03 4.6610061784847692e-03 5.5788961865735160e-03
1.9887600000e+03 4.5742122653000521e-03 4.3388499220440909e-03
2.0156800000e+03 4.5093511872937976e-03 4.1295912840518690e-03
2.0429600000e+03 4.4506191746473585e-03 4.4651428010463873e-03
2.0706200000e+03 4.4077566100489823e-03 5.2327465864979803e-03
2.0986400000e+03 4.3620110573241739e-03 5.2951598143433174e-03
2.1270400000e+03 4.2702748859757295e-03 3.8343160172733749e-03
2.1558200000e+03 4.2372564054182042e-03 4.5761673797342778e-03
2.1850000000e+03 4.1825522085996627e-03 4.4747143617160732e-03
2.2145800000e+03 4.1337643969826358e-03 4.8611261441542895e-03
2.2445400000e+03 4.0573343542598880e-03 3.9092135831299037e-03
2.2749200000e+03 3.9901618888468224e-03 3.0048994617987157e-03
2.3057000000e+03 3.9418817101571184e-03 3.7723605159362935e-03
2.3369200000e+03 3.9144966092841318e-03 4.4779888778188970e-03
2.3685400000e+03 3.8498853498344148e-03 3.5967933279200696e-03
2.4006000000e+03 3.8092358643893832e-03 4.2194012881806124e-03
2.4330800000e+03 3.7313227362962441e-03 2.8266459383797259e-03
2.4660200000e+03 3.6753554556705806e-03 2.7747233494958509e-03
2.4993800000e+03 3.6489176851177470e-03 3.1312558192911691e-03
2.5332200000e+03 3.6087447049076358e-03 3.8150444139847715e-03
2.5675000000e+03 3.5532136242939793e-03 3.3830398543266181e-03
2.6022400000e+03 3.4993843075175521e-03 3.5934056909067633e-03
2.6374600000e+03 3.4577639776677792e-03 3.3567803677114344e-03
2.6731600000e+03 3.4184374939351374e-03 3.6348529590918546e-03
2.7093400000e+03 3.3732131415676533e-03 3.4932515069474581e-03
2.7460000000e+03 3.3097644899822034e-03 3.0612201925258858e-03
2.7831600000e+03 3.2781238779667128e-03 3.4518711231221089e-03
2.8208200000e+03 3.2420841231456648e-03 3.2551129871766032e-03
2.8590000000e+03 3.1998536957129637e-03 3.0465743831084107e-03
2.8977000000e+03 3.1820765050556078e-03 4.1664669769631664e-03
2.9369200000e+03 3.1163247279615311e-03 3.1842935165650051e-03
2.9766600000e+03 3.0722552765025815e-03 2.9142726949051246e-03
3.0169400000e+03 3.0431049922289531e-03 2.9959837991673016e-03
3.0577800000e+03 2.9860082042736883e-03 3.0439390865136516e-03
3.0991600000e+03 2.9410321459384437e-03 2.6876472533573668e-03
3.1411000000e+03 2.9141421244246999e-03 2.8461448094854575e-03
3.1836200000e+03 2.8819336931260064e-03 3.2137898007650835e-03
3.2267000000e+03 2.8380149971411013e-03 3.0744065719483936e-03
3.2703600000e+03 2.7851512787801145e-03 2.3177287726069669e-03
3.3146200000e+03 2.7598181228122571e-03 2.7448069044004584e-03
3.3594800000e+03 2.7177608654253508e-03 2.5092207007408871e-03
3.4049600000e+03 2.7035003901192101e-03 3.1410119824370154e-03
3.4510400000e+03 2.6449598179745441e-03 2.3502145491139273e-03
3.4977400000e+03 2.6037842144518318e-03 2.0243066714780863e-03
3.5450800000e+03 2.5773898561966125e-03 2.4223604828309589e-03
3.5930600000e+03 2.5553766537937477e-03 2.9407233162615856e-03
3.6416800000e+03 2.5086876110825022e-03 2.0831886381519594e-03
3.6909600000e+03 2.4846182272115712e-03 2.5505442046509811e-03
3.7409200000e+03 2.4664779591277572e-03 3.1242227639329294e-03
3.7915600000e+03 2.4130902440251179e-03 2.0857730067893416e-03
3.8428600000e+03 2.3953840314642864e-03 2.8034919536241596e-03
3.8948800000e+03 2.3504203433602280e-03 2.4427788284527270e-03
3.9475800000e+03 2.3072445931956341e-03 1.9219813825502633e-03
4.0010000000e+03 2.3010100173751617e-03 2.5568023762757887e-03
4.0551600000e+03 2.2597973482006107e-03 2.1567744218433157e-03
4.1100400000e+03 2.2428576870866601e-03 2.4919384474103553e-03
4.1656600000e+03 2.2022389433997277e-03 2.0373122837317606e-03
4.2220400000e+03 2.1634839981830439e-03 1.5812282988136638e-03
4.2791800000e+03 2.1460348576014744e-03 2.1176415525924670e-03
4.3371000000e+03 2.1178608781285990e-03 2.1944710764343028e-03
4.3957800000e+03 2.0865005812258793e-03 2.1564191137947268e-03
4.4552800000e+03 2.0494930695698337e-03 1.8200975129937977e-03
4.5155800000e+03 2.0401188623775488e-03 2.2979239428932239e-03
4.5766800000e+03 2.0035310847094016e-03 1.8675852814660316e-03
4.6386200000e+03 1.9754205748622033e-03 1.8028094577656915e-03
4.7014000000e+03 1.9596950615805584e-03 2.0447827868426984e-03
4.7650400000e+03 1.9326090895841375e-03 2.1448063952058494e-03
4.8295200000e+03 1.8969763124318496e-03 1.6840953460209574e-03
4.8948800000e+03 1.8808031497819266e-03 1.8786023586017300e-03
4.9611200000e+03 1.8570010168240240e-03 1.8620468311068351e-03
5.0282800000e+03 1.8318161931267102e-03 1.8953859809497213e-03
5.0963200000e+03 1.7966679980394701e-03 1.8182324300056113e-03
5.1653000000e+03 1.7692150354199415e-03 1.4766645410623082e-03
5.2352000000e+03 1.7596049463098990e-03 1.9501911425210249e-03
5.3060600000e+03 1.7298149318216377e-03 1.6204836309981836e-03
5.3778600000e+03 1.7039609467737365e-03 1.5210652425176150e-03
5.4506400000e+03 1.6912209853414562e-03 1.7392754776870607e-03
5.5244200000e+03 1.6687552827748177e-03 1.9471940261553662e-03
5.5991800000e+03 1.6450483611851340e-03 1.8100802240315420e-03
5.6749600000e+03 1.6236862712534176e-03 1.8219423184436612e-03
5.7517600000e+03 1.5975026920146166e-03 1.7479346933130459e-03
5.8296000000e+03 1.5889521134850556e-03 1.9117406921581720e-03
5.9085000000e+03 1.5580294603598987e-03 1.5851291825201227e-03
5.9884600000e+03 1.5299793252910548e-03 1.2062583482798314e-03
6.0695000000e+03 1.5140595489854872e-03 1.3581073789684568e-03
6.1516400000e+03 1.5037698429551953e-03 1.7594056313656491e-03
6.2349000000e+03 1.4802795857432728e-03 1.7142824785566829e-03
6.3192800000e+03 1.4581982705143700e-03 1.5095962665095542e-03
6.4048000000e+03 1.4316453105749896e-03 1.1425328025196457e-03
6.4914800000e+03 1.4113479532229937e-03 1.2963878792044592e-03
6.5793400001e+03 1.4000272081673858e-03 1.3141575913811143e-03
6.6683800001e+03 1.3801268847406052e-03 1.3894427285332204e-03
6.7586400001e+03 1.3610033086972971e-03 1.3951953094392081e-03
6.8501000001e+03 1.3432682471131384e-03 1.4692044923384775e-03
6.9428000001e+03 1.3285225894399712e-03 1.3481408129675315e-03
7.0367800001e+03 1.3126107878573417e-03 1.5145986074278912e-03
7.1320000001e+03 1.2896098156947701e-03 1.3491015066173053e-03
7.2285200001e+03 1.2684468538833747e-03 1.1463970014475419e-03
7.3263600001e+03 1.2588343822340017e-03 1.2867955219328861e-03
7.4255000001e+03 1.2430364662649334e-03 1.2052384822093573e-03
7.5260000001e+03 1.2184178204612851e-03 1.0675580323933102e-03
7.6278600001e+03 1.2090708382670979e-03 1.3630694515696169e-03
7.7311000001e+03 1.1871286723849715e-03 1.0136963776655741e-03
7.8357200001e+03 1.1798126539684342e-03 1.3193214093603768e-03
7.9417600001e+03 1.1585218150223944e-03 1.0988169813873684e-03
8.0492400001e+03 1.1475540909524247e-03 1.2292377347031512e-03
8.1581800001e+03 1.1267551251815655e-03 1.0086929644867644e-03
8.2686000001e+03 1.1161721213368680e-03 1.1295758084851439e-03
8.3805000001e+03 1.0983200460390331e-03 1.0373678673696561e-03
8.4939200001e+03 1.0851241864419298e-03 1.1092963055794121e-03
8.6088800001e+03 1.0675815359586342e-03 1.1025002382894541e-03
8.7253800001e+03 1.0500356448717644e-03 9.6029828370979811e-04
8.8434600001e+03 1.0395731983297303e-03 9.3807350562789490e-04
8.9631600001e+03 1.0232695097278305e-03 9.2278461059305220e-04
9.0844600001e+03 1.0095281070235953e-03 8.8522884696277970e-04
9.2074000001e+03 9.9725128880819632e-04 8.7787386088305987e-04
9.3320200001e+03 9.8559863459463603e-04 9.4820415800738844e-04
9.4583200001e+03 9.7420171288612118e-04 1.0730901784838788e-03
9.5863200001e+03 9.6036756641583096e-04 9.7156472018500675e-04
9.7160600001e+03 9.5205691626625271e-04 1.1088961428401163e-03
9.8475600001e+03 9.3848511849177246e-04 9.5402204820829359e-04
9.9808200001e+03 9.2270525808414749e-04 8.5025801564269190e-04
1.0115900000e+04 9.0988134796922361e-04 9.6425304079292436e-04
1.0252800000e+04 8.9796522938000211e-04 8.1268832364085315e-04
1.0391560000e+04 8.8733946511231304e-04 9.6181202531643215e-04
1.0532200000e+04 8.7592858339505752e-04 9.9645301964149916e-04
1.0674740000e+04 8.5924590981724142e-04 7.0665577550511351e-04
1.0819220000e+04 8.5329417357982423e-04 9.1707218693952560e-04
1.0965640000e+04 8.4161050109491417e-04 8.7721949766378870e-04
1.1114040000e+04 8.3550646664016636e-04 1.0784622993060212e-03
1.1264460000e+04 8.2054860872570877e-04 9.6638848232637035e-04
1.1416900000e+04 8.0798716051165207e-04 7.6523529514167495e-04
1.1571420000e+04 7.9673257868805199e-04 8.0149966718996257e-04
1.1728020000e+04 7.9122250419509611e-04 9.3697579947538644e-04
1.1886740000e+04 7.7495892420100443e-04 6.8897842809652441e-04
1.2047620000e+04 7.6258413834501748e-04 6.2219705647491557e-04
1.2210660000e+04 7.5661985292593077e-04 8.0812056485479148e-04
1.2375920000e+04 7.4509398612816725e-04 7.7123849012394907e-04
1.2543420000e+04 7.3677655104110475e-04 7.6768709786400051e-04
1.2713180000e+04 7.2608998048849570e-04 6.8234395275103006e-04
1.2885220000e+04 7.1514657243719373e-04 6.5600606719495326e-04
1.3059620000e+04 7.0564247311284299e-04 6.1708262239802388e-04
1.3236360000e+04 6.9867268722949695e-04 7.8077311191596587e-04
1.3415500000e+04 6.8864308343071466e-04 6.6953018650677627e-04
1.3597060000e+04 6.7796488816998816e-04 6.5830820065278901e-04
1.3781080000e+04 6.7111599185975103e-04 6.4195379458037969e-04
1.3967580000e+04 6.5840726567298184e-04 5.9146898846547261e-04
1.4156620000e+04 6.4968416635949647e-04 6.1747895865344566e-04
1.4348200000e+04 6.4397822624008485e-04 6.2426768473978274e-04
1.4542400000e+04 6.3457797808085892e-04 6.5834079448658480e-04
1.4739200000e+04 6.2443061514444302e-04 5.5756119352629529e-04
1.4938680000e+04 6.2011905308174454e-04 7.1218521501575449e-04
1.5140860000e+04 6.0656750179689366e-04 5.0436790830754824e-04
1.5345760000e+04 6.0063482070023006e-04 5.4112338860266666e-04
1.5553460000e+04 5.9452240060092081e-04 5.7285449726757524e-04
1.5763940000e+04 5.8376979958659500e-04 5.4399192914760344e-04
1.5977300000e+04 5.7712531592678967e-04 5.3107927838231227e-04
1.6193520000e+04 5.7228227383117390e-04 6.3247960120734218e-04
1.6412680000e+04 5.6188803707376016e-04 6.0417683293436850e-04
1.6634800000e+04 5.5548306999633952e-04 5.6816076565911126e-04
1.6859940000e+04 5.4730695823193001e-04 5.0453735591422365e-04
1.7088120000e+04 5.4018670223205257e-04 5.3208406616640476e-04
1.7319380000e+04 5.3398073570556752e-04 5.4002521656431343e-04
1.7553780000e+04 5.2794425033355166e-04 6.0176173140777508e-04
1.7791340000e+04 5.1983698205781417e-04 5.5144070589388441e-04
1.8032120000e+04 5.1016741288244358e-04 3.9604139807253205e-04
1.8276160000e+04 5.0511141710393227e-04 5.3955955277866464e-04
1.8523520000e+04 4.9814160033536162e-04 5.2537402342317432e-04
1.8774200000e+04 4.9339459356369361e-04 4.8603096861792646e-04
1.9028280000e+04 4.8579491361858259e-04 5.3049793763462391e-04
1.9285820000e+04 4.7929371725367680e-04 4.7586818472360848e-04
1.9546820000e+04 4.7062416399038258e-04 3.9519035814651013e-04
1.9811360000e+04 4.6599129060377750e-04 4.3849417976681259e-04
2.0079480000e+04 4.5934738615987440e-04 4.4839142234964042e-04
2.0351240000e+04 4.5337704993075791e-04 4.3958808780966555e-04
2.0626660000e+04 4.4970463658200877e-04 5.4674830514688997e-04
2.0905820000e+04 4.4024568143051046e-04 3.8446456449061793e-04
2.1188740000e+04 4.3734114608167302e-04 4.2193669211073399e-04
2.1475520000e+04 4.3216045179089333e-04 4.9514877058794810e-04
2.1766160000e+04 4.2294259450388253e-04 3.4993925772098345e-04
2.2060740000e+04 4.1741612825716378e-04 3.6082708835094373e-04
2.2359300000e+04 4.1391993904111468e-04 3.7573912832427096e-04
2.2661900000e+04 4.0726340154222476e-04 3.6122861532544934e-04
2.2968600000e+04 4.0123314823759757e-04 3.5822033259490894e-04
2.3279440000e+04 4.0000517904704069e-04 4.6665418220213830e-04
2.3594500000e+04 3.9178565190049335e-04 3.9171806238839886e-04
2.3913820000e+04 3.8570520853318906e-04 3.4938736974422303e-04
2.4237460000e+04 3.8071035194412725e-04 3.2524060082943793e-04
2.4565500000e+04 3.7629658122455327e-04 3.5286554705892274e-04
2.4897960000e+04 3.7169472240232811e-04 3.4899552451507726e-04
2.5234920000e+04 3.6532169437572624e-04 3.3422397081888744e-04
2.5576440000e+04 3.6109878519434809e-04 3.3642928468149242e-04
2.5922580000e+04 3.5632694643625751e-04 3.3757435187168445e-04
2.6273400000e+04 3.5387006080862745e-04 4.1126560792411352e-04
2.6628980000e+04 3.4756705012233306e-04 3.4395441255015468e-04
2.6989380000e+04 3.4265962226791183e-04 3.2415675840495709e-04
2.7354640001e+04 3.3966926546932894e-04 3.7647129624533346e-04
2.7724860001e+04 3.3435930257791054e-04 3.4177230203428344e-04
2.8100080001e+04 3.2821896975115662e-04 3.0208742778534213e-04
2.8480360001e+04 3.2599403192505876e-04 3.4000959710494096e-04
2.8865820001e+04 3.2145905282986273e-04 3.6168329195404852e-04
2.9256480001e+04 3.1638567792660643e-04 3.1487721851303018e-04
2.9652420001e+04 3.1331192287799314e-04 3.2169689971137561e-04
3.0053740001e+04 3.0892025064522584e-04 3.2028312114212312e-04
3.0460460001e+04 3.0213421603848562e-04 2.5146115449389237e-04
3.0872720001e+04 3.0168965079081745e-04 3.4170365027676468e-04
3.1290540001e+04 2.9687918760074939e-04 3.1239603887552351e-04
3.1714020001e+04 2.9146828114028338e-04 2.2483364855998709e-04
3.2143220001e+04 2.8939710085785180e-04 3.4857313027508155e-04
3.2578240001e+04 2.8336202839648970e-04 2.6442048418030535e-04
3.3019140001e+04 2.8123351734429347e-04 3.4780074601346091e-04
3.3466020001e+04 2.7767984722812617e-04 3.1667581211205045e-04
3.3918940000e+04 2.7375884308248488e-04 3.0698594047408328e-04
3.4377980000e+04 2.7009484954205895e-04 3.0496878477022366e-04
3.4843240000e+04 2.6618723924943469e-04 2.5921627168260365e-04
3.5314800000e+04 2.6093681254756658e-04 2.0421173607163955e-04
3.5792740000e+04 2.5900901782160773e-04 2.9612733529342788e-04
3.6277140000e+04 2.5456398571317463e-04 2.1437284937641520e-04
3.6768120000e+04 2.5246378140758358e-04 2.5066139489201346e-04
3.7265720000e+04 2.4795044944286431e-04 2.2315058407212121e-04
3.7770060000e+04 2.4600942467804940e-04 2.5024548854715430e-04
3.8281240000e+04 2.4194973883854209e-04 2.3655319985785517e-04
3.8799320000e+04 2.3888906436811449e-04 2.1934157634831270e-04
3.9324420000e+04 2.3537633390399411e-04 2.3360193144968521e-04
3.9856619999e+04 2.3220704168489686e-04 2.0628944544851471e-04
4.0396039999e+04 2.3023899523817260e-04 2.5984792061830512e-04
4.0942739999e+04 2.2662955549438389e-04 2.3859867402274552e-04
4.1496839999e+04 2.2313747924813449e-04 2.1823826174862941e-04
4.2058459999e+04 2.2055879821532973e-04 2.1880456447084221e-04
4.2627659999e+04 2.1716924845829752e-04 1.9379698934991597e-04
4.3204579999e+04 2.1381824878341770e-04 1.8396072931705992e-04
4.3789299999e+04 2.1234352847159088e-04 2.3849805220606322e-04
4.4381919999e+04 2.0841138808915438e-04 1.8428531371706525e-04
4.4982579999e+04 2.0679668082302502e-04 2.1655833915736145e-04
4.5591359999e+04 2.0327968484206647e-04 1.9368439170413081e-04
4.6208379998e+04 2.0098785539668455e-04 2.1914624366087826e-04
4.6833739998e+04 1.9718964240234813e-04 1.4898957511434556e-04
4.7467579998e+04 1.9544430941238888e-04 1.9022459051070090e-04
4.8109999998e+04 1.9262074143336919e-04 1.6969074332235352e-04
4.8761099998e+04 1.8933421133769771e-04 1.4130138107686685e-04
4.9421019998e+04 1.8833369044660546e-04 2.0431113152472990e-04
5.0089859998e+04 1.8506341498922147e-04 1.8055758077215842e-04
5.0767759998e+04 1.8204850746527242e-04 1.6823979913565878e-04
5.1454839998e+04 1.8047403670342114e-04 1.7684236938604020e-04
5.2151219998e+04 1.7760652947543395e-04 1.6358143290911485e-04
5.2857019997e+04 1.7587694695080737e-04 1.9028232791447512e-04
5.3572379997e+04 1.7382291288932020e-04 1.8271067507716522e-04
5.4297399997e+04 1.7198029670756890e-04 2.0277835253983253e-04
5.5032239997e+04 1.6955955101417050e-04 2.0940306979004821e-04
5.5777039997e+04 1.6670051825066657e-04 1.7061837882930981e-04
5.6531899997e+04 1.6389184380866115e-04 1.4778588175869427e-04
5.7296999997e+04 1.6129055905895299e-04 1.3881125552678075e-04
5.8072439997e+04 1.6012643664833480e-04 1.7833433293525591e-04
5.8858379996e+04 1.5745452462323292e-04 1.4885663714988667e-04
5.9654939996e+04 1.5568933628279090e-04 1.6923112587382831e-04
6.0462299996e+04 1.5416628127413629e-04 1.6834192831999780e-04
6.1280579996e+04 1.5192058000209293e-04 1.6475721402385687e-04
6.2109919996e+04 1.5020775124241381e-04 1.8412690845706631e-04
6.2950499996e+04 1.4739648648871414e-04 1.4113927500547808e-04
6.3802459996e+04 1.4610051990324231e-04 1.5921255040912880e-04
6.4665939996e+04 1.4329936297636600e-04 1.1833385313917739e-04
6.5541119995e+04 1.4183181861647249e-04 1.5890072182121542e-04
6.6428119996e+04 1.3996278973635301e-04 1.3732493777663491e-04
6.7327139996e+04 1.3750224559419885e-04 1.3197370183188741e-04
6.8238339996e+04 1.3638934672458581e-04 1.4172990294242645e-04
6.9161859996e+04 1.3523821387677979e-04 1.5513230392051418e-04
7.0097859996e+04 1.3238476275770155e-04 1.1613773889506538e-04
7.1046559996e+04 1.3058524377134172e-04 1.2020636630550559e-04
7.2008079997e+04 1.2928353706446739e-04 1.3800714270038289e-04
7.2982619997e+04 1.2751516529478448e-04 1.2745064421014506e-04
7.3970339997e+04 1.2542967890873130e-04 1.1569307017855827e-04
7.4971439997e+04 1.2427509589904172e-04 1.3049851783417490e-04
7.5986079998e+04 1.2253569902485767e-04 1.3178297775762442e-04
7.7014439998e+04 1.2096492144750353e-04 1.3552616112002982e-04
7.8056739998e+04 1.1900086758973515e-04 1.0865657842684291e-04
7.9113139998e+04 1.1764823395781010e-04 1.1750498140741965e-04
8.0183819998e+04 1.1657347146120624e-04 1.4745621272026747e-04
8.1269019999e+04 1.1421089453728752e-04 1.0179233340803233e-04
8.2368879999e+04 1.1281107901206658e-04 1.1676130503722622e-04
8.3483639999e+04 1.1102757725081818e-04 1.1357666117566333e-04
8.4613479999e+04 1.0973542783266279e-04 1.0157552308353852e-04
8.5758619999e+04 1.0823969318568739e-04 9.5699807337272427e-05
8.6919260000e+04 1.0700756032748346e-04 1.1402924234317794e-04
8.8095600000e+04 1.0576114517115120e-04 1.1839887712520571e-04
8.9287860000e+04 1.0384357683280842e-04 9.4770695877017416e-05
9.0496240000e+04 1.0287273249639550e-04 9.5979570188913280e-05
9.1721000001e+04 1.0192324862123019e-04 1.1681331037892355e-04
9.2962320001e+04 1.0006922955762376e-04 1.0114832302125195e-04
9.4220440001e+04 9.8442832182313135e-05 8.5569008231408563e-05
9.5495600001e+04 9.7310473139373467e-05 9.0232129645341892e-05
9.6788020002e+04 9.6426669012183869e-05 1.0026599192044074e-04
9.8097920002e+04 9.4514055362659861e-05 8.2455383933398632e-05
9.9425540002e+04 9.3614992116619830e-05 9.2344922444603485e-05
1.0077114000e+05 9.2703755265918854e-05 9.7510546471349854e-05
1.0213494000e+05 9.0860670646409982e-05 8.7764558372998468e-05
1.0351720000e+05 9.0214051878086259e-05 1.0553919237384128e-04
1.0491818000e+05 8.8726036251783968e-05 9.1555250355112929e-05
1.0633812000e+05 8.7668261160741390e-05 9.0067634565161136e-05
1.0777726000e+05 8.6210048250128017e-05 8.5769610304201434e-05
1.0923588000e+05 8.4830449752100755e-05 6.9403130889037076e-05
1.1071426000e+05 8.4233934143608324e-05 8.8677778628791344e-05
1.1221262000e+05 8.2676605841051676e-05 7.2779665789574055e-05
1.1373128001e+05 8.1666650651550284e-05 7.0725350828297807e-05
1.1527048001e+05 8.0370186083508091e-05 6.8399121609496650e-05
1.1683052001e+05 7.9798844200223843e-05 8.1253411458438612e-05
1.1841168001e+05 7.8896046201447912e-05 8.2013729090135083e-05
1.2001422001e+05 7.7286972601673697e-05 7.2104679956809878e-05
1.2163846001e+05 7.6603707528443031e-05 7.3073427758570884e-05
1.2328468001e+05 7.4972937005293207e-05 6.0528789946239349e-05
1.2495318001e+05 7.4801687647373184e-05 8.9150246543962368e-05
1.2664426001e+05 7.3310401051933147e-05 6.8043649737259193e-05
1.2835824001e+05 7.2653581488768998e-05 7.2506296650051285e-05
1.3009540001e+05 7.1392734851709726e-05 6.4087065415064734e-05
1.3185606001e+05 7.0826823676689614e-05 7.4918418956538437e-05
1.3364056001e+05 6.9741901307626063e-05 6.6641023989197389e-05
1.3544922001e+05 6.8545004377187064e-05 5.6405886850091729e-05
1.3728236001e+05 6.7878528163502506e-05 6.7973709791643397e-05
1.3914030000e+05 6.6895979862983290e-05 7.0426674379944702e-05
1.4102338000e+05 6.5820561939518413e-05 5.7864714246988689e-05
1.4293194000e+05 6.5124924108205413e-05 6.8527443914129349e-05
1.4486634000e+05 6.4237927356961623e-05 6.4519632296841076e-05
1.4682692000e+05 6.3589156446360062e-05 6.2151881278560403e-05
1.4881404000e+05 6.2683367915775871e-05 6.6945443376616837e-05
1.5082804000e+05 6.1827546121412134e-05 6.4992772607844364e-05
1.5286930000e+05 6.0957404927034861e-05 6.3971004810921601e-05
1.5493820000e+05 6.0024347013652527e-05 5.8547455449598229e-05
1.5703508000e+05 5.9448390390968634e-05 6.0694070343216127e-05
1.5916035999e+05 5.8574239297846246e-05 5.1511856391609159e-05
1.6131437999e+05 5.7654784282854014e-05 5.7870042584754618e-05
1.6349755999e+05 5.7126251763138665e-05 6.1541064270696728e-05
1.6571029999e+05 5.6058302867199674e-05 4.6851409762680346e-05
1.6795295999e+05 5.5618586559144939e-05 6.5348462598316002e-05
1.7022599999e+05 5.4739607388990495e-05 5.2254839154836972e-05
1.7252977999e+05 5.3935036130244763e-05 4.8240751753711695e-05
1.7486475999e+05 5.3151893970947914e-05 4.8625554187105151e-05
1.7723131998e+05 5.2630032285921769e-05 4.8188847257143757e-05
1.7962991998e+05 5.1897615615584586e-05 5.5552635860247017e-05
1.8206097998e+05 5.1371427073856626e-05 5.6355169981055434e-05
1.8452493998e+05 5.0643125637246506e-05 5.2917619565358559e-05
1.8702223998e+05 4.9645475901366780e-05 4.1708803087503177e-05
1.8955335998e+05 4.9092343385255977e-05 4.7624408307367758e-05
1.9211871998e+05 4.8290904604649367e-05 3.8664905555059481e-05
1.9471879998e+05 4.7921134066668944e-05 5.1471720189002478e-05
1.9735405997e+05 4.7148248529885226e-05 4.5411150723498314e-05
2.0002499997e+05 4.6666486473175040e-05 4.8692144967820450e-05
2.0273207997e+05 4.5928883786527995e-05 3.9205829520864231e-05
2.0547577997e+05 4.5331253718814286e-05 4.1179683521921050e-05
2.0825663997e+05 4.4834524501697850e-05 5.2038099973672365e-05
2.1107511997e+05 4.4260457301237384e-05 4.2819230278285133e-05
2.1393175997e+05 4.3561375220995108e-05 4.4477141329220619e-05
2.1682703996e+05 4.3150848280866793e-05 4.3712559465003097e-05
2.1976151996e+05 4.2598727521252498e-05 4.3200272627820648e-05
2.2273569996e+05 4.2014850961367263e-05 4.3878584250260248e-05
2.2575013996e+05 4.1090867111862152e-05 3.7335082118796268e-05
2.2880537996e+05 4.0616346791670866e-05 3.7799331915457177e-05
2.3190197996e+05 4.0458587736714777e-05 4.9454545634487602e-05
2.3504045995e+05 3.9502359824435847e-05 3.8550829034433715e-05
2.3822143995e+05 3.9275697262460469e-05 4.3485791370737544e-05
2.4144545995e+05 3.8644318227755302e-05 3.5026766060500577e-05
2.4471309995e+05 3.8257691555445982e-05 3.8637423445519930e-05
2.4802497995e+05 3.7682094274412356e-05 4.2455948376849165e-05
2.5138167995e+05 3.7048394913310788e-05 3.7296989482489945e-05
2.5478379994e+05 3.6577220636037515e-05 3.4676357478145275e-05
2.5823197994e+05 3.6264143274972565e-05 4.0913086970089251e-05
2.6172681994e+05 3.5676021218463532e-05 3.9478408931310957e-05
2.6526895994e+05 3.5067083568485107e-05 3.1748135574384626e-05
2.6885901995e+05 3.4689945508402231e-05 3.7251272573287949e-05
2.7249767995e+05 3.4196821512924930e-05 2.9408401431151138e-05
2.7618559995e+05 3.3862149540645595e-05 4.1172326340345438e-05
2.7992339996e+05 3.3303117398585593e-05 3.0738591561860542e-05
2.8371179996e+05 3.2745937966577826e-05 3.0328900530343981e-05
2.8755147996e+05 3.2478071489946812e-05 3.4338952853909601e-05
2.9144311997e+05 3.1938520733869272e-05 3.1192068094554086e-05
2.9538741997e+05 3.1598106944753263e-05 3.1043242456578930e-05
2.9938511997e+05 3.1032954051504767e-05 2.5452265206298779e-05
3.0343689998e+05 3.0727776390288125e-05 2.7368562356443448e-05
3.0754353998e+05 3.0378944009131027e-05 2.8145279230967683e-05
3.1170573999e+05 2.9817372783337879e-05 2.4821139245668014e-05
3.1592427999e+05 2.9415972471296326e-05 2.4008339998761138e-05
3.2019989999e+05 2.9117604650173198e-05 2.8691422225519965e-05
3.2453340000e+05 2.8737220030503477e-05 2.4500703696714146e-05
3.2892554000e+05 2.8248889741525832e-05 2.2936088891195205e-05
3.3337712001e+05 2.7990672505768654e-05 2.5641697831637433e-05
3.3788896001e+05 2.7595757471264317e-05 2.8072621976455970e-05
3.4246184001e+05 2.7317206326737406e-05 2.9887701340678757e-05
3.4709662002e+05 2.6864167381606211e-05 2.5682019350169690e-05
3.5179412002e+05 2.6478404592417552e-05 2.4146858200854584e-05
3.5655520003e+05 2.6325476590042119e-05 2.8467309452001808e-05
3.6138072003e+05 2.5770058617581020e-05 2.4443387849501321e-05
3.6627154004e+05 2.5556008368705821e-05 2.5918759412602947e-05
3.7122856004e+05 2.5090854747585416e-05 2.2186505743478896e-05
3.7625266005e+05 2.4790070581990707e-05 2.2888435693321155e-05
3.8134476005e+05 2.4396109209143771e-05 2.1669822396409045e-05
3.8650576006e+05 2.4095018253691780e-05 2.0211429877730726e-05
3.9173662006e+05 2.3804074816137804e-05 2.2309099287257441e-05
3.9703828007e+05 2.3484516368837470e-05 2.0492220263571525e-05
4.0241168007e+05 2.3165600183396884e-05 2.2274262887628496e-05
4.0785780008e+05 2.2867796032571396e-05 2.2192513499158708e-05
4.1337762008e+05 2.2502423034514366e-05 2.1197688134166931e-05
4.1897216009e+05 2.2383767536761835e-05 2.4885579092092851e-05
4.2464240009e+05 2.1975094401014457e-05 2.0933709468765526e-05
4.3038940010e+05 2.1665602342561313e-05 1.9044178968790785e-05
4.3621416010e+05 2.1414460063411882e-05 1.9528263347124913e-05
4.4211776011e+05 2.1137373782793397e-05 2.0602151685832132e-05
4.4810126011e+05 2.0805146007932444e-05 1.7290691627271119e-05
4.5416572012e+05 2.0482539212973240e-05 1.7833714833849879e-05
4.6031228012e+05 2.0352161379014838e-05 2.1656122899819584e-05
4.6654200013e+05 1.9995829319913748e-05 1.7754506265620632e-05
4.7285604014e+05 1.9792075763857539e-05 2.1861646435837733e-05
4.7925554014e+05 1.9519670385507127e-05 1.8991846118527630e-05
4.8574166015e+05 1.9329932397009842e-05 2.1835539440512323e-05
4.9231554015e+05 1.9051270274273056e-05 2.2081447623202662e-05
4.9897840016e+05 1.8754754700815378e-05 1.9286270473764389e-05
5.0573142017e+05 1.8458796317067589e-05 1.7741508993037156e-05
5.1257584017e+05 1.8350478074786026e-05 2.2105260562113002e-05
5.1951290018e+05 1.8055890006875892e-05 2.2186040838139972e-05
5.2654384019e+05 1.7805491286094502e-05 2.0197877240726478e-05
5.3366994019e+05 1.7526414605304242e-05 1.7997738895728352e-05
5.4089246020e+05 1.7358196360985718e-05 1.8488642935534147e-05
5.4821276021e+05 1.7109865777995000e-05 1.9736565475954394e-05
5.5563210021e+05 1.6827452292006663e-05 1.6577882837222334e-05
5.6315186022e+05 1.6707815612415094e-05 2.1129612298594650e-05
5.7077340023e+05 1.6330018897808924e-05 1.4343616391513697e-05
5.7849808023e+05 1.6107631774131633e-05 1.3888538504794343e-05
5.8632732024e+05 1.5989371423002887e-05 1.7206652639444618e-05
5.9426250025e+05 1.5692156479873789e-05 1.3207385857729719e-05
6.0230508026e+05 1.5584316027639352e-05 1.7117613670510596e-05
6.1045650026e+05 1.5296430339593469e-05 1.4900064491347768e-05
6.1871824027e+05 1.5144351172276808e-05 1.6532140257369247e-05
6.2709180028e+05 1.4941095234708288e-05 1.6176453852599334e-05
6.3557868029e+05 1.4738711151072339e-05 1.5024658971931591e-05
6.4418040030e+05 1.4478503769924115e-05 1.2335930825076952e-05
6.5289856030e+05 1.4335931998655539e-05 1.3623290827742563e-05
6.6173470031e+05 1.4087641167730170e-05 1.3291176712213722e-05
6.7069042032e+05 1.3959669443567271e-05 1.4572225293977178e-05
6.7976736033e+05 1.3762629169658501e-05 1.2467483555328538e-05
6.8896714034e+05 1.3575455377812555e-05 1.3671541526453494e-05
6.9829142035e+05 1.3420050277696120e-05 1.2447589616926280e-05
7.0774190036e+05 1.3253191895034337e-05 1.4354596819012408e-05
7.1732026036e+05 1.3028447097102123e-05 1.1868721998625351e-05
7.2702828037e+05 1.2870767590567341e-05 1.2702420649994063e-05
7.3686766038e+05 1.2699456398284789e-05 1.1121581505636603e-05
7.4684022039e+05 1.2570518633179697e-05 1.3359609346571141e-05
7.5694774040e+05 1.2378644432554560e-05 1.2829905854224000e-05
7.6719204041e+05 1.2254573134384343e-05 1.4050659900231480e-05
7.7757500042e+05 1.2006593597593210e-05 1.0761710166841889e-05
7.8809848043e+05 1.1887375322051029e-05 1.0875555132359765e-05
7.9876438044e+05 1.1765407692217625e-05 1.3381338102889950e-05
8.0957462045e+05 1.1528697172736818e-05 1.0297572378430658e-05
8.2053118046e+05 1.1440009724466084e-05 1.3067981779202397e-05
8.3163600047e+05 1.1339175748954534e-05 1.2957130915600931e-05
8.4289112048e+05 1.1168222766075660e-05 1.2820684754673718e-05
8.5429858049e+05 1.1035918010192984e-05 1.4338802214519342e-05
8.6586040050e+05 1.0835360578239278e-05 1.1445775034118073e-05
8.7757870051e+05 1.0632590317893616e-05 9.2403432935398197e-06
8.8945560052e+05 1.0537044661855156e-05 1.1021678007472045e-05
9.0149324054e+05 1.0414718748252393e-05 1.1346420988855355e-05
9.1369378055e+05 1.0208850770898471e-05 8.5914319490085027e-06
9.2605946056e+05 1.0095990668083766e-05 8.8610785187311512e-06
9.3859248057e+05 1.0020985894418711e-05 1.0852833438096607e-05
9.5129512058e+05 9.8611334828290509e-06 1.0599650490219071e-05
9.6416966059e+05 9.7343708770963428e-06 1.0297134314276464e-05
9.7721846061e+05 9.6213230471151558e-06 1.0399037932930499e-05
9.9044386062e+05 9.4232918878473438e-06 9.0062689953910098e-06
1.0038482406e+06 9.3067252765234723e-06 7.8858199131223646e-06
1.0174340206e+06 9.1911111261008146e-06 8.6501760342075966e-06
1.0312036807e+06 9.1128313578713576e-06 9.5103626359889717e-06
1.0451597007e+06 8.9789243201266126e-06 9.8164264940185029e-06
1.0593046007e+06 8.8396008995721420e-06 8.0894212873442772e-06
1.0736409207e+06 8.7130141176698096e-06 7.6906397374504946e-06
1.0881712607e+06 8.6002584941965261e-06 8.9623244388292720e-06
1.1028982607e+06 8.5379000298333068e-06 1.0099611546659542e-05
1.1178245607e+06 8.4029161801539019e-06 9.0001452974717930e-06
1.1329528808e+06 8.2702192267288457e-06 8.5131565817113569e-06
1.1482859408e+06 8.1718427489706844e-06 8.4183493054983560e-06
1.1638265008e+06 8.0739880283780447e-06 8.5156520824925752e-06
1.1795774008e+06 7.9183228155941304e-06 6.7219471648120729e-06
1.1955414608e+06 7.8790314656310975e-06 9.5758930165693452e-06
1.2117215808e+06 7.7258848482446918e-06 7.7651582179757516e-06
1.2281206608e+06 7.6335399002499054e-06 8.4117961157771596e-06
1.2447417009e+06 7.5737609775512148e-06 9.5843477714482800e-06
1.2615876609e+06 7.4286692422186842e-06 7.4028508710162521e-06
1.2786616209e+06 7.3430857394881884e-06 7.9987921494746440e-06
1.2959666609e+06 7.2380674158231350e-06 6.7084316906590149e-06
1.3135059009e+06 7.1802718280798544e-06 8.4556814818208828e-06
1.3312825209e+06 7.0400421338685558e-06 6.5857206258573711e-06
1.3492997010e+06 6.8993563834051378e-06 4.7870137160786964e-06
1.3675607410e+06 6.8640483166492891e-06 6.8304662544370756e-06
1.3860689210e+06 6.7739558140266399e-06 5.9881040112874852e-06
1.4048275810e+06 6.7246859093197132e-06 7.9601356991316885e-06
1.4238401010e+06 6.5469091443442266e-06 5.5367867493559344e-06
1.4431099410e+06 6.5179941183519991e-06 7.4735344078725944e-06
1.4626405811e+06 6.4008441161627490e-06 6.0947056291891986e-06
1.4824355411e+06 6.3583083227598784e-06 7.6745677379920962e-06
1.5024983811e+06 6.2514297999786815e-06 6.3974033517220464e-06
1.5228327611e+06 6.1588936668367509e-06 6.6074290776561278e-06
1.5434423411e+06 6.0986582344542075e-06 6.9774927837460347e-06
1.5643308412e+06 5.9687034452609868e-06 5.3110555903172408e-06
1.5855020612e+06 5.9298048538113221e-06 6.6262905543591257e-06
1.6069597812e+06 5.8188642909555668e-06 5.6663882456472832e-06
1.6287079012e+06 5.7849672259477296e-06 6.6346208699453093e-06
1.6507503812e+06 5.6934201906557121e-06 5.9382552789925432e-06
1.6730911413e+06 5.6108356674221108e-06 5.8043185576199510e-06
1.6957342813e+06 5.5445206223652936e-06 6.0261481093397590e-06
1.7186838613e+06 5.4448432174121844e-06 4.8944740235769597e-06
1.7419440413e+06 5.4048208447340084e-06 5.6508006590543043e-06
1.7655190013e+06 5.2920576555889352e-06 4.7065283508046071e-06
1.7894130214e+06 5.2185288441516105e-06 4.5131486980451056e-06
1.8136304214e+06 5.1711372434024288e-06 5.1587340364559177e-06
1.8381755814e+06 5.1002193452787476e-06 5.0212026274170212e-06
1.8630529214e+06 5.0332499259611089e-06 4.9151725683512302e-06
1.8882669415e+06 4.9505968949669589e-06 4.2451992102972348e-06
1.9138222015e+06 4.8783933745103404e-06 3.9781907323879954e-06
1.9397233215e+06 4.8359443350899118e-06 4.7514401098211108e-06
1.9659749615e+06 4.7999510981933133e-06 5.8668841685906698e-06
1.9925819016e+06 4.7193561873167383e-06 4.8296809863697392e-06
2.0195489416e+06 4.6491192571400120e-06 4.9366637920376765e-06
2.0468809216e+06 4.5821342147227905e-06 4.3452298828984149e-06
2.0745828216e+06 4.5194963254655816e-06 4.4286694656605783e-06
2.1026596217e+06 4.4655824151641816e-06 4.8572088644163665e-06
2.1311164217e+06 4.3948430191350146e-06 4.2121989778335102e-06
2.1599583417e+06 4.3859343866131424e-06 5.8142224447067286e-06
2.1891905817e+06 4.3215516084058754e-06 5.0627522804247393e-06
2.2188184618e+06 4.2482298860994641e-06 4.4517607775293463e-06
2.2488473018e+06 4.1586908888500616e-06 3.2639613281269515e-06
2.2792825618e+06 4.1380670994631606e-06 4.7136548267057433e-06
2.3101297018e+06 4.0530183234016305e-06 3.8829187362765240e-06
2.3413943419e+06 4.0144690147727480e-06 4.2665451522642845e-06
2.3730821019e+06 3.9575586481626591e-06 3.6101311937828917e-06
2.4051987019e+06 3.8994934443725302e-06 3.8831391097271994e-06
2.4377499620e+06 3.8664467876846850e-06 4.2023978346292584e-06
2.4707417820e+06 3.7879052682376040e-06 3.2207850114000758e-06
2.5041800820e+06 3.7507556438728339e-06 3.8367397195386179e-06
2.5380709221e+06 3.7204995403069142e-06 4.5505409285611306e-06
2.5724204421e+06 3.6545878277471886e-06 3.9467459018726415e-06
2.6072348421e+06 3.6129947753197272e-06 3.9728105698914793e-06
2.6425204022e+06 3.5556521408594383e-06 3.6783893647032531e-06
2.6782835222e+06 3.5078317439089165e-06 3.8129982484283193e-06
2.7145306422e+06 3.4601478520101005e-06 3.5053844024632757e-06
2.7512683023e+06 3.4308825388564897e-06 3.4723953721283125e-06
2.7885031823e+06 3.3757194351040703e-06 3.7343071477131701e-06
2.8262419823e+06 3.3146744577589849e-06 2.9002117207103717e-06
2.8644915224e+06 3.2796065081597900e-06 2.8724312510538114e-06
2.9032587224e+06 3.2434922082532777e-06 3.1447807927587485e-06
2.9425505824e+06 3.1883604297197325e-06 3.0661586033891149e-06
2.9823742225e+06 3.1498617548888015e-06 3.0822618857340712e-06
3.0227368025e+06 3.1130395629258682e-06 3.1778642983276518e-06
3.0636456625e+06 3.0774129621487680e-06 3.2636892819221590e-06
3.1051081626e+06 3.0300510318425199e-06 3.3020082888576203e-06
3.1471318026e+06 2.9907460754553992e-06 3.1778753631836852e-06
3.1897241627e+06 2.9604400277296974e-06 3.4308987939551489e-06
3.2328929827e+06 2.9293662701960205e-06 3.9224972918392366e-06
3.2766460227e+06 2.8653954443896789e-06 2.6580510659385301e-06
3.3209912028e+06 2.8449613214659715e-06 3.0822143065064612e-06
3.3659365428e+06 2.8035939057030631e-06 2.9377169068705338e-06
3.4114901429e+06 2.7612035104308511e-06 2.9538364179559875e-06
3.4576602629e+06 2.7160560150188587e-06 2.7109255933166444e-06
3.5044552430e+06 2.6882798311962901e-06 2.7150405175032309e-06
3.5518835430e+06 2.6473816318652499e-06 2.5747014072022090e-06
3.5999537030e+06 2.6212717903789225e-06 2.7779008503212750e-06
3.6486744431e+06 2.5734023270384492e-06 2.3976353484428056e-06
3.6980545431e+06 2.5458646700080536e-06 2.3774930187711011e-06
3.7481029432e+06 2.4973792327956202e-06 2.2052738733413262e-06
3.7988286832e+06 2.4742056550524197e-06 2.4296288617372456e-06
3.8502409433e+06 2.4526909196671507e-06 2.9029757113901600e-06
3.9023489833e+06 2.4130281990722002e-06 2.5305511631302130e-06
3.9551622634e+06 2.3738457088767124e-06 2.1283649231678787e-06
4.0086902834e+06 2.3526821401857814e-06 2.4835409284338831e-06
4.0629427435e+06 2.3130293744487853e-06 2.3469361544699830e-06
4.1179294435e+06 2.2858767523426565e-06 2.2738732895382250e-06
4.1736603036e+06 2.2516984409953902e-06 2.1051839602456231e-06
4.2301454228e+06 2.2193294912095352e-06 2.1227554357103833e-06
4.2873949815e+06 2.1961840002308260e-06 2.1640659255411602e-06
4.3454193602e+06 2.1537975812917123e-06 1.7757606917187988e-06
4.4042289989e+06 2.1341619017307739e-06 2.2039010694095486e-06
4.4638345776e+06 2.1073096338765375e-06 2.1144070489126867e-06
4.5242468162e+06 2.0831488764805288e-06 2.1908770789681719e-06
4.5854766749e+06 2.0495724318151573e-06 1.7990891838749477e-06
4.6475351935e+06 2.0281741818926666e-06 1.8853907281005922e-06
4.7104335921e+06 1.9944923484425746e-06 1.7837982838265155e-06
4.7741832306e+06 1.9709391449777095e-06 1.8631123281739774e-06
4.8387956492e+06 1.9438633480147123e-06 1.8836390108580701e-06
4.9042825277e+06 1.9158426926156678e-06 1.7602073227689388e-06
4.9706556662e+06 1.8979535073057368e-06 2.1868508945436382e-06
5.0379270847e+06 1.8650801951012960e-06 1.6547102740041971e-06
5.1061089432e+06 1.8515040842696489e-06 2.2524008338979665e-06
5.1752135417e+06 1.8146997100806515e-06 1.5498760075544191e-06
5.2452533801e+06 1.7943391902130313e-06 1.7932190650492150e-06
5.3162411385e+06 1.7729843549331891e-06 1.8097267800602539e-06
5.3881896169e+06 1.7436551669588740e-06 1.7279394780022132e-06
5.4611118153e+06 1.7250817088132471e-06 2.0247043063056828e-06
5.5350209136e+06 1.6969723963037694e-06 1.5652259506299699e-06
5.6099302920e+06 1.6690282096404198e-06 1.3395463336837558e-06
5.6858534703e+06 1.6569716176330409e-06 1.6335503615527707e-06
5.7628041685e+06 1.6356935924907909e-06 1.6665340132873937e-06
5.8407963068e+06 1.6113523060817564e-06 1.5660893019417608e-06
5.9198439650e+06 1.5893469629280615e-06 1.5357541234429494e-06
5.9999614232e+06 1.5777175829460653e-06 1.9180932067678172e-06
6.0811631614e+06 1.5468649983379565e-06 1.3986527923563001e-06
6.1634638796e+06 1.5255805357589664e-06 1.6110333242520036e-06
6.2468784177e+06 1.5087341368546319e-06 1.5350538650176998e-06
6.3314218558e+06 1.4859614890849280e-06 1.3629118446409124e-06
6.4171094939e+06 1.4732101107041429e-06 1.7837705060943480e-06
6.5039568120e+06 1.4466900460139724e-06 1.1998326507935926e-06
6.5919794900e+06 1.4266456457910156e-06 1.3511946674355034e-06
6.6811934280e+06 1.4079109396071309e-06 1.3188261944436415e-06
6.7716147860e+06 1.3872236020603967e-06 1.2279126233600994e-06
6.8632598639e+06 1.3729500554780267e-06 1.2786015814826358e-06
6.9561452419e+06 1.3535219401385240e-06 1.3189365672565567e-06
7.0502876998e+06 1.3300408013850494e-06 1.0913001623125611e-06
7.1457042576e+06 1.3125884742167136e-06 9.8379368289403349e-07
7.2424121555e+06 1.3015893303378552e-06 1.3442915903309487e-06
7.3404288733e+06 1.2864994924748163e-06 1.4963614551503926e-06
7.4397721311e+06 1.2633140307058303e-06 1.2144646213490837e-06
7.5404598488e+06 1.2569390911005943e-06 1.5026273942971524e-06
7.6425102665e+06 1.2252359101706034e-06 9.9569857306439003e-07
7.7459417842e+06 1.2142779270867866e-06 1.1638430546505974e-06
7.8507731419e+06 1.2064847803826497e-06 1.4105239224056365e-06
7.9570232395e+06 1.1815372334987401e-06 1.0276655743460280e-06
8.0647112971e+06 1.1715971765936583e-06 1.2171756734351150e-06
8.1738567747e+06 1.1580178458083841e-06 1.3374913906505190e-06
8.2844793922e+06 1.1331056054034218e-06 8.6437687253952272e-07
8.3965991297e+06 1.1232022911072141e-06 1.1910922031070551e-06
8.5102362871e+06 1.1056489707162572e-06 1.0938416830403028e-06
8.6254113646e+06 1.0891109834551676e-06 1.0191021456371498e-06
8.7421452019e+06 1.0742913784480994e-06 9.2085985550490099e-07
8.8604588793e+06 1.0644128293641809e-06 1.1784733492670598e-06
8.9803737566e+06 1.0491008330332325e-06 1.1301182761150220e-06
9.1019115539e+06 1.0352013930132583e-06 9.5476533571249117e-07
9.2250941912e+06 1.0190296961125756e-06 1.0502687220445850e-06
9.3499439684e+06 1.0076942894166831e-06 1.0854264683450275e-06
9.4764834055e+06 9.9438503656043500e-07 1.0192458829397518e-06
9.6047354027e+06 9.8461876581496857e-07 1.2044641762211424e-06
9.7347231198e+06 9.6935267809714881e-07 1.0453713402139677e-06
9.8664700568e+06 9.5554109246564300e-07 9.7432434116791266e-07
