# t E S  (m=2 n=2 eps=0.1 alpha=1 mu=1 h=0.02 seed=1) BACD splitting
1.0000000000e+00 3.0417324565677306e-01 8.9210261314984024e-02
1.0200000000e+00 3.0408017487228467e-01 8.8152275364095228e-02
1.0400000000e+00 3.0398734778461167e-01 8.7105832326492688e-02
1.0600000000e+00 3.0389472890115321e-01 8.6077121410087248e-02
1.0800000000e+00 3.0380228392419323e-01 8.5072224220342024e-02
1.1000000000e+00 3.0370997955143753e-01 8.4097112075078792e-02
1.1200000000e+00 3.0361778319813987e-01 8.3157643250028029e-02
1.1400000000e+00 3.0352566264256153e-01 8.2259560135819754e-02
1.1600000000e+00 3.0343358559537648e-01 8.1408486288446630e-02
1.1800000000e+00 3.0334151919242558e-01 8.0609923356666779e-02
1.2000000000e+00 3.0324942940901989e-01 7.9869247871341462e-02
1.2200000000e+00 3.0315728039282247e-01 7.9191707883310897e-02
1.2400000000e+00 3.0306503371129018e-01 7.8582419438097115e-02
1.2600000000e+00 3.0297264750876651e-01 7.8046362877476641e-02
1.2800000000e+00 3.0288007556769064e-01 7.7588378959787457e-02
1.3000000000e+00 3.0278726626805741e-01 7.7213164792722222e-02
1.3200000000e+00 3.0269416143932315e-01 7.6925269574313254e-02
1.3400000000e+00 3.0260069509944360e-01 7.6729090139838654e-02
1.3600000000e+00 3.0250679207670667e-01 7.6628866314475103e-02
1.3800000000e+00 3.0241236651151593e-01 7.6628676073698915e-02
1.4000000000e+00 3.0231732023730074e-01 7.6732430515695060e-02
1.4200000000e+00 3.0222154104226934e-01 7.6943868652382272e-02
1.4400000000e+00 3.0212490081675741e-01 7.7266552028100829e-02
1.4600000000e+00 3.0202725359438110e-01 7.7703859177542411e-02
1.4800000000e+00 3.0192843349902582e-01 7.8258979937123829e-02
1.5000000000e+00 3.0182825261376484e-01 7.8934909626714150e-02
1.5200000000e+00 3.0172649879199337e-01 7.9734443121405235e-02
1.5400000000e+00 3.0162293343524588e-01 8.0660168835854640e-02
1.5600000000e+00 3.0151728926618954e-01 8.1714462646602745e-02
1.5800000000e+00 3.0140926812900770e-01 8.2899481780648904e-02
1.6000000000e+00 3.0129853885265828e-01 8.4217158701428319e-02
1.6200000000e+00 3.0118473521518258e-01 8.5669195026127215e-02
1.6400000000e+00 3.0106745404923591e-01 8.7257055510966325e-02
1.6600000000e+00 3.0094625353021831e-01 8.8981962143627497e-02
1.6800000000e+00 3.0082065168873978e-01 9.0844888384349676e-02
1.7000000000e+00 3.0069012518862215e-01 9.2846553599332429e-02
1.7200000000e+00 3.0055410841022018e-01 9.4987417731913298e-02
1.7400000000e+00 3.0041199287655379e-01 9.7267676258484564e-02
1.7600000000e+00 3.0026312705664027e-01 9.9687255477250380e-02
1.7800000000e+00 3.0010681657657567e-01 1.0224580817865939e-01
1.8000000000e+00 2.9994232486442435e-01 1.0494270974665326e-01
1.8200000000e+00 2.9976887424995197e-01 1.0777705473972859e-01
1.8400000000e+00 2.9958564753479000e-01 1.1074765400019784e-01
1.8600000000e+00 2.9939179004286814e-01 1.1385303233895214e-01
1.8800000000e+00 2.9918641215501618e-01 1.1709142684146803e-01
1.9000000000e+00 2.9896859232562634e-01 1.2046078583877073e-01
1.9200000000e+00 2.9873738057328930e-01 1.2395876858457600e-01
1.9400000000e+00 2.9849180243146001e-01 1.2758274567690248e-01
1.9600000000e+00 2.9823086333956500e-01 1.3132980025909366e-01
1.9800000000e+00 2.9795355344958518e-01 1.3519673003144531e-01
2.0000000000e+00 2.9765885281811566e-01 1.3918005010052642e-01
2.0200000000e+00 2.9734573694924354e-01 1.4327599668884652e-01
2.0400000000e+00 2.9701318264934995e-01 1.4748053172279518e-01
2.0600000000e+00 2.9666017415115065e-01 1.5178934831179869e-01
2.0800000000e+00 2.9628570946097088e-01 1.5619787712644709e-01
2.1000000000e+00 2.9588880688041153e-01 1.6070129367798183e-01
2.1400000000e+00 2.9502390267037487e-01 1.6997226619601261e-01
2.1600000000e+00 2.9455409922093878e-01 1.7472897542164148e-01
2.2000000000e+00 2.9353562803363675e-01 1.8445607878503933e-01
2.2200000000e+00 2.9298546048694363e-01 1.8941435965352227e-01
2.2600000000e+00 2.9180000006506929e-01 1.9948872806240919e-01
2.2800000000e+00 2.9116362294008546e-01 2.0459166589163730e-01
2.3200000000e+00 2.8980148086399049e-01 2.1489513061891985e-01
2.3400000000e+00 2.8907514553058039e-01 2.2008173889601451e-01
2.3800000000e+00 2.8753123881110693e-01 2.3048923035950880e-01
2.4000000000e+00 2.8671368623964100e-01 2.3569572244293310e-01
2.4400000000e+00 2.8498821513174399e-01 2.4607793109937376e-01
2.4800000000e+00 2.8314461698249394e-01 2.5637062901875318e-01
2.5000000000e+00 2.8217981137111720e-01 2.6146530185892980e-01
2.5400000000e+00 2.8016770943690616e-01 2.7151548682380067e-01
2.5800000000e+00 2.7805153716993131e-01 2.8133329435887611e-01
2.6000000000e+00 2.7695702029798602e-01 2.8613789129015321e-01
2.6400000000e+00 2.7470114422244923e-01 2.9550529212157606e-01
2.6800000000e+00 2.7236517803657068e-01 3.0450792025238915e-01
2.7200000000e+00 2.6996103104889851e-01 3.1309750238932282e-01
2.7600000000e+00 2.6750165284137467e-01 3.2122908741143058e-01
2.7800000000e+00 2.6625552866756502e-01 3.2511008185572859e-01
2.8200000000e+00 2.6373930619582786e-01 3.3247852601315503e-01
2.8600000000e+00 2.6120327367877377e-01 3.3929334704408387e-01
2.9000000000e+00 2.5866217152229365e-01 3.4552366733715745e-01
2.9400000000e+00 2.5613068959683005e-01 3.5114307784254517e-01
2.9800000000e+00 2.5362322251483832e-01 3.5612972218028793e-01
3.0200000000e+00 2.5115363797667362e-01 3.6046631989637767e-01
3.0600000000e+00 2.4873506362798545e-01 3.6414013194527250e-01
3.1000000000e+00 2.4637969705254861e-01 3.6714287263051038e-01
3.1400000000e+00 2.4409864259243796e-01 3.6947057322315963e-01
3.1800000000e+00 2.4190177768673665e-01 3.7112340327836640e-01
3.2400000000e+00 2.3878265308553287e-01 3.7234723417880455e-01
3.2800000000e+00 2.3683058575800767e-01 3.7233877683349337e-01
3.3200000000e+00 2.3498642396199082e-01 3.7168529708858739e-01
3.3600000000e+00 2.3325371061407307e-01 3.7040258456382164e-01
3.4000000000e+00 2.3163458030559245e-01 3.6850913606946262e-01
3.4600000000e+00 2.2942021706467874e-01 3.6457018640710426e-01
3.5000000000e+00 2.2808571619846610e-01 3.6124603415104867e-01
3.5400000000e+00 2.2686219027601928e-01 3.5739316636024321e-01
3.6000000000e+00 2.2522769601887130e-01 3.5068260464626705e-01
3.6400000000e+00 2.2426563681523520e-01 3.4563017373336941e-01
3.7000000000e+00 2.2300103802109877e-01 3.3725887201440335e-01
3.7400000000e+00 2.2226844387985722e-01 3.3119510388137752e-01
3.8000000000e+00 2.2131947824704951e-01 3.2145527036071797e-01
3.8400000000e+00 2.2077715923798885e-01 3.1458036323282718e-01
3.9000000000e+00 2.2008240123259767e-01 3.0377876527664843e-01
3.9600000000e+00 2.1951017023633329e-01 2.9249156086578276e-01
4.0000000000e+00 2.1918600356290491e-01 2.8475400284771096e-01
4.0600000000e+00 2.1877047149872203e-01 2.7291497735630210e-01
4.1200000000e+00 2.1842285408733692e-01 2.6090133775567481e-01
4.1600000000e+00 2.1822023496233622e-01 2.5285368952176196e-01
4.2200000000e+00 2.1794856264792870e-01 2.4081238959830806e-01
4.2800000000e+00 2.1770375485963628e-01 2.2891291311222103e-01
4.3400000000e+00 2.1747463984056295e-01 2.1727352929273974e-01
4.4000000000e+00 2.1725236161923736e-01 2.0601113214789554e-01
4.4600000000e+00 2.1703027233715905e-01 1.9524022519418163e-01
4.5200000000e+00 2.1680375540698876e-01 1.8507171673076003e-01
4.5800000000e+00 2.1656998910899192e-01 1.7561154564754036e-01
4.6400000000e+00 2.1632766079951884e-01 1.6695917176484920e-01
4.7000000000e+00 2.1607664284895539e-01 1.5920597692356003e-01
4.7600000000e+00 2.1581764255125579e-01 1.5243363284316622e-01
4.8400000000e+00 2.1546195292119386e-01 1.4504939740607140e-01
4.9000000000e+00 2.1518905391703053e-01 1.4081696963988116e-01
4.9600000000e+00 2.1491193784779372e-01 1.3774777870039767e-01
5.0200000000e+00 2.1463085549759875e-01 1.3586462263241306e-01
5.1000000000e+00 2.1424860821942732e-01 1.3520746220984436e-01
5.1600000000e+00 2.1395374628448449e-01 1.3608794727422607e-01
5.2400000000e+00 2.1354308305340164e-01 1.3903123771140052e-01
5.3000000000e+00 2.1321543109487498e-01 1.4249911582030866e-01
5.3800000000e+00 2.1273996518157984e-01 1.4867245458034095e-01
5.4600000000e+00 2.1220321629901512e-01 1.5643026559797460e-01
5.5200000000e+00 2.1174776940780735e-01 1.6314698163379351e-01
5.6000000000e+00 2.1105196294263362e-01 1.7308994982134956e-01
5.6800000000e+00 2.1023430426263162e-01 1.8390300525968040e-01
5.7600000000e+00 2.0927372479923123e-01 1.9529309768269654e-01
5.8200000000e+00 2.0844861819422617e-01 2.0403585947933678e-01
5.9000000000e+00 2.0719805926876872e-01 2.1572495005976478e-01
5.9800000000e+00 2.0576868323091566e-01 2.2719210783183053e-01
6.0600000000e+00 2.0416012553995266e-01 2.3817172329123454e-01
6.1400000000e+00 2.0238054359025387e-01 2.4842073799390302e-01
6.2400000000e+00 1.9994238208912785e-01 2.5987736323073179e-01
6.3200000000e+00 1.9785342731328495e-01 2.6773498217761588e-01
6.4000000000e+00 1.9567890768655249e-01 2.7426631303620336e-01
6.4800000000e+00 1.9345940867382252e-01 2.7935288970599609e-01
6.5800000000e+00 1.9068865213827396e-01 2.8354827065378474e-01
6.6600000000e+00 1.8852887569503779e-01 2.8510774199588562e-01
6.7600000000e+00 1.8596792686508742e-01 2.8477419028396839e-01
6.8400000000e+00 1.8407314649719883e-01 2.8269150491491629e-01
6.9400000000e+00 1.8194091064384324e-01 2.7788186273237891e-01
7.0400000000e+00 1.8010030513953457e-01 2.7074805143572683e-01
7.1200000000e+00 1.7884487639468621e-01 2.6349716234141901e-01
7.2200000000e+00 1.7753855581390859e-01 2.5271454857244119e-01
7.3200000000e+00 1.7649924620281660e-01 2.4030803203427623e-01
7.4200000000e+00 1.7568789615312858e-01 2.2663524857336559e-01
7.5200000000e+00 1.7505865256053846e-01 2.1210012573634784e-01
7.6200000000e+00 1.7456484650060478e-01 1.9714171970611213e-01
7.7200000000e+00 1.7416397700813221e-01 1.8221957996248789e-01
7.8400000000e+00 1.7375704473324077e-01 1.6501112615720936e-01
7.9400000000e+00 1.7345042356828172e-01 1.5177214023092697e-01
8.0400000000e+00 1.7315644138510514e-01 1.3996374139778728e-01
8.1600000000e+00 1.7280841107456402e-01 1.2815929786384525e-01
8.2600000000e+00 1.7251715862405873e-01 1.2060121805288931e-01
8.3800000000e+00 1.7216110591385639e-01 1.1452201811214412e-01
8.4800000000e+00 1.7185303051815834e-01 1.1203719342313370e-01
8.6000000000e+00 1.7145706876894562e-01 1.1212913179019193e-01
8.7200000000e+00 1.7101159762664536e-01 1.1540778784191644e-01
8.8400000000e+00 1.7048712870765911e-01 1.2157267061618848e-01
8.9600000000e+00 1.6984749756373338e-01 1.3022153878650022e-01
9.0800000000e+00 1.6905188306075891e-01 1.4087644775998562e-01
9.2000000000e+00 1.6805825569892952e-01 1.5300362967917569e-01
9.3200000000e+00 1.6682879274409895e-01 1.6602676361890009e-01
9.4600000000e+00 1.6506215370083369e-01 1.8153784142728857e-01
9.5800000000e+00 1.6325727378382912e-01 1.9437876377918265e-01
9.7000000000e+00 1.6120734658221250e-01 2.0612096113450304e-01
9.8400000000e+00 1.5857608511325658e-01 2.1759779853435829e-01
9.9800000000e+00 1.5580583188522390e-01 2.2582493728343397e-01
1.0100000000e+01 1.5343481758019245e-01 2.2973544482856695e-01
1.0240000000e+01 1.5080800487916560e-01 2.3021011220902593e-01
1.0380000000e+01 1.4845516326448560e-01 2.2613373763273853e-01
1.0520000000e+01 1.4646404679127858e-01 2.1770739655159038e-01
1.0660000000e+01 1.4486933587076825e-01 2.0549650903890038e-01
1.0800000000e+01 1.4365546706399535e-01 1.9037696829246820e-01
1.0960000000e+01 1.4266529387024493e-01 1.7094241673963914e-01
1.1100000000e+01 1.4206348014882614e-01 1.5338861365855871e-01
1.1260000000e+01 1.4157645714139983e-01 1.3424878490346848e-01
1.1400000000e+01 1.4125350958172206e-01 1.1943818108668561e-01
1.1560000000e+01 1.4093890408915022e-01 1.0578022820123081e-01
1.1720000000e+01 1.4063899601940305e-01 9.6369567367443662e-02
1.1880000000e+01 1.4032545851639980e-01 9.1635573303330276e-02
1.2040000000e+01 1.3997606486862135e-01 9.1675321682784167e-02
1.2200000000e+01 1.3956352390828700e-01 9.6292990148393709e-02
1.2360000000e+01 1.3904627569490388e-01 1.0501203376154893e-01
1.2520000000e+01 1.3836329111750079e-01 1.1706209901821851e-01
1.2700000000e+01 1.3730120276977961e-01 1.3324767909698337e-01
1.2880000000e+01 1.3582815612201615e-01 1.5032720874654454e-01
1.3040000000e+01 1.3413081136201094e-01 1.6446881890558082e-01
1.3220000000e+01 1.3182279565280408e-01 1.7723173497314046e-01
1.3400000000e+01 1.2923690076844863e-01 1.8497626783376983e-01
1.3580000000e+01 1.2660183218418067e-01 1.8670591551474888e-01
1.3760000000e+01 1.2416723584371291e-01 1.8237888473565175e-01
1.3960000000e+01 1.2194096306696810e-01 1.7153851942890727e-01
1.4140000000e+01 1.2047840844659388e-01 1.5801458925258055e-01
1.4340000000e+01 1.1943331823324010e-01 1.4101538062108260e-01
1.4520000000e+01 1.1889449492836880e-01 1.2571746097532382e-01
1.4720000000e+01 1.1855338017610825e-01 1.1032826511706498e-01
1.4920000000e+01 1.1830625339648217e-01 9.7827628041759332e-02
1.5120000000e+01 1.1804069196471156e-01 8.9081148586689279e-02
1.5320000000e+01 1.1771854513801694e-01 8.4703873415734571e-02
1.5540000000e+01 1.1730171577481757e-01 8.5332116370701719e-02
1.5740000000e+01 1.1686238148410730e-01 9.0706748086421179e-02
1.5960000000e+01 1.1625664105788186e-01 1.0091023738622108e-01
1.6180000000e+01 1.1540230796358278e-01 1.1368669278034668e-01
1.6400000000e+01 1.1416745145398038e-01 1.2655563923453889e-01
1.6620000000e+01 1.1250818050198109e-01 1.3721641913707824e-01
1.6840000000e+01 1.1054073847249619e-01 1.4415776952400319e-01
1.7060000000e+01 1.0852823197058008e-01 1.4685223227458219e-01
1.7300000000e+01 1.0663692800039627e-01 1.4517634897496223e-01
1.7540000000e+01 1.0530611440800773e-01 1.3922354961281358e-01
1.7760000000e+01 1.0457564195357871e-01 1.3041813174762013e-01
1.8000000000e+01 1.0411502719073716e-01 1.1770814784266734e-01
1.8260000000e+01 1.0372948467829832e-01 1.0171485411178946e-01
1.8500000000e+01 1.0333389854632689e-01 8.7304056065229521e-02
1.8740000000e+01 1.0291035957345808e-01 7.6138034557162448e-02
1.9000000000e+01 1.0248832930964720e-01 7.0470211316771225e-02
1.9260000000e+01 1.0209018905480768e-01 7.2720327518157685e-02
1.9520000000e+01 1.0156312196685657e-01 8.2068628081808689e-02
1.9780000000e+01 1.0071190925154525e-01 9.6221767318595872e-02
2.0060000000e+01 9.9374270443714496e-02 1.1348574186227219e-01
2.0320000000e+01 9.7940721825777316e-02 1.2802363063105579e-01
2.0600000000e+01 9.6541840647199631e-02 1.3813698631135060e-01
2.0880000000e+01 9.5507667731227541e-02 1.3883318911023140e-01
2.1160000000e+01 9.4796275074292891e-02 1.2842992201318448e-01
2.1440000000e+01 9.4234170760662622e-02 1.0896973733268264e-01
2.1740000000e+01 9.3668655598436623e-02 8.4508266912237978e-02
2.2020000000e+01 9.3195204235719184e-02 6.5620310925084857e-02
2.2320000000e+01 9.2823368819829041e-02 5.5525721686957852e-02
2.2620000000e+01 9.2583667890473495e-02 5.7952525928238532e-02
2.2940000000e+01 9.2334693188927494e-02 7.2502238849757178e-02
2.3240000000e+01 9.1899935772884384e-02 9.2977742442749201e-02
2.3560000000e+01 9.0998929115458677e-02 1.1509523736870067e-01
2.3880000000e+01 8.9642795110913068e-02 1.2913090374740327e-01
2.4200000000e+01 8.8150327465709083e-02 1.2891778575588045e-01
2.4520000000e+01 8.6903771261964427e-02 1.1462592148188185e-01
2.4860000000e+01 8.6031551929933961e-02 9.1527911434225367e-02
2.5200000000e+01 8.5554042091517346e-02 7.0494348484101965e-02
2.5540000000e+01 8.5278164764010900e-02 5.8362759871457774e-02
2.5880000000e+01 8.5028518624059593e-02 5.7131382112371162e-02
2.6240000000e+01 8.4716050606711626e-02 6.6783859746442756e-02
2.6580000000e+01 8.4317116663354008e-02 8.2940952804926679e-02
2.6940000000e+01 8.3552424384465182e-02 1.0039711610152649e-01
2.7320000000e+01 8.2165267239253381e-02 1.1014427583896162e-01
2.7680000000e+01 8.0660048318223918e-02 1.0769770277714205e-01
2.8060000000e+01 7.9595354285298736e-02 9.6430735337128329e-02
2.8440000000e+01 7.9207579710057374e-02 8.1721278919744039e-02
2.8820000000e+01 7.8962550469736756e-02 6.7171517397822789e-02
2.9220000000e+01 7.8531067443839073e-02 5.6878812188981859e-02
2.9600000000e+01 7.8134258293774850e-02 5.7544516625079180e-02
3.0000000000e+01 7.7707402140957851e-02 6.9688572424615680e-02
3.0420000000e+01 7.6722089663288681e-02 8.6699785760325207e-02
3.0820000000e+01 7.5296569005943101e-02 9.8136189614374050e-02
3.1240000000e+01 7.4125404293680475e-02 1.0043392361557893e-01
3.1660000000e+01 7.3565549413086323e-02 9.0576568230039539e-02
3.2100000000e+01 7.3079924799133930e-02 7.0166363511204907e-02
3.2520000000e+01 7.2560207663355886e-02 5.2986910704677107e-02
3.2960000000e+01 7.2236577266020827e-02 4.9651984405388545e-02
3.3420000000e+01 7.1919482510746216e-02 6.1559184342082386e-02
3.3860000000e+01 7.1204300920657729e-02 7.8602530928429878e-02
3.4320000000e+01 7.0329739187331985e-02 9.2879210918817942e-02
3.4780000000e+01 6.9742293422384374e-02 9.3974445774776733e-02
3.5260000000e+01 6.9239261008978134e-02 7.8427751376896393e-02
3.5740000000e+01 6.8812834062112679e-02 5.8703939309776458e-02
3.6220000000e+01 6.8568499508807904e-02 4.8306840518871158e-02
3.6700000000e+01 6.8266141441564482e-02 5.0684404301210850e-02
3.7200000000e+01 6.7922235952918228e-02 6.6565829803081039e-02
3.7700000000e+01 6.7721102296587260e-02 8.6550805804978329e-02
3.8220000000e+01 6.7377457039901639e-02 9.1975060120561780e-02
3.8740000000e+01 6.6911969500416071e-02 7.7295566116917430e-02
3.9260000000e+01 6.6533209276221458e-02 5.5012702146007154e-02
3.9800000000e+01 6.5995918014125715e-02 4.0651511055751016e-02
4.0320000000e+01 6.5730964455682675e-02 5.0481872376025014e-02
4.0880000000e+01 6.5674290040914379e-02 7.8258584102501652e-02
4.1420000000e+01 6.5118924213882753e-02 9.1474064465817087e-02
4.1980000000e+01 6.4624757826204193e-02 7.9961446869899061e-02
4.2560000000e+01 6.4140356584866595e-02 5.4425491007847132e-02
4.3140000000e+01 6.3578303311395135e-02 4.0854275099817677e-02
4.3720000000e+01 6.3616966435271996e-02 5.4589235833708984e-02
4.4300000000e+01 6.3587517936619001e-02 7.4304629945454975e-02
4.4900000000e+01 6.3043824446888441e-02 8.0425453267317537e-02
4.5520000000e+01 6.2429718687785657e-02 7.1019987756171507e-02
4.6120000000e+01 6.1900419412231782e-02 5.5151461878950037e-02
4.6760000000e+01 6.1660272414355545e-02 4.8830376470090267e-02
4.7380000000e+01 6.1307596018787366e-02 5.3115822203313151e-02
4.8020000000e+01 6.0742762102302762e-02 6.7610340501678232e-02
4.8680000000e+01 5.9857075988310776e-02 7.9370547042521666e-02
4.9340000000e+01 5.9040465063568262e-02 6.6845417041589486e-02
5.0000000000e+01 5.8664451588729780e-02 4.4527884845215936e-02
5.0680000000e+01 5.8054021373639249e-02 3.9146920274003752e-02
5.1360000000e+01 5.7671516827924693e-02 6.5719659855636478e-02
5.2060000000e+01 5.6384612298943336e-02 8.1120822021050393e-02
5.2760000000e+01 5.5478314758129747e-02 6.0885959665374495e-02
5.3480000000e+01 5.4866652559086612e-02 3.5105493040423492e-02
5.4200000000e+01 5.4573641858919435e-02 4.3946496986486984e-02
5.4940000000e+01 5.4009776996447594e-02 6.9208122959084323e-02
5.5680000000e+01 5.2861742482138652e-02 6.8606655611471404e-02
5.6440000000e+01 5.2404585272262237e-02 4.7767290002790855e-02
5.7200000000e+01 5.2011126004048246e-02 3.7610833759999837e-02
5.7980000000e+01 5.1796276053203250e-02 5.0980798320935626e-02
5.8760000000e+01 5.1317561128308584e-02 6.5535644031156207e-02
5.9560000000e+01 5.1114040072722806e-02 5.8626267644647415e-02
6.0360000000e+01 5.0649873629516368e-02 3.9020298373238116e-02
6.1180000000e+01 5.0382042057827717e-02 4.0491277769865254e-02
6.2000000000e+01 5.0338431046613771e-02 6.1724568444115474e-02
6.2840000000e+01 4.9922367588311943e-02 6.0673205008901873e-02
6.3700000000e+01 4.9619511595086617e-02 4.1840495443340057e-02
6.4560000000e+01 4.9241300455561868e-02 3.7738379312127715e-02
6.5420000000e+01 4.9322701667463234e-02 5.6891115680096693e-02
6.6320000000e+01 4.9049302116176044e-02 6.1832196761604293e-02
6.7200000000e+01 4.8747935677858331e-02 4.1463096365490268e-02
6.8120000000e+01 4.8302597191016282e-02 3.4803363510860927e-02
6.9040000000e+01 4.8235389605391241e-02 6.0841274356941477e-02
6.9980000000e+01 4.7977408861618255e-02 5.9569520650824451e-02
7.0920000000e+01 4.7176509490116328e-02 2.9377956440026793e-02
7.1880000000e+01 4.7093409439280039e-02 4.5982742284034046e-02
7.2860000000e+01 4.6967890744133760e-02 6.3643939463133847e-02
7.3840000000e+01 4.6201465472838564e-02 3.9954362388133609e-02
7.4840000000e+01 4.6074878743771613e-02 3.7856163969834808e-02
7.5860000000e+01 4.5935559442280421e-02 5.2596544395499260e-02
7.6880000000e+01 4.5495520689209853e-02 5.2680544123219000e-02
7.7920000000e+01 4.5223405543317351e-02 3.6905634435167006e-02
7.8980000000e+01 4.4895176005126401e-02 4.0362359716060579e-02
8.0040000000e+01 4.4788300899426599e-02 6.0816033811531153e-02
8.1120000000e+01 4.4303914884804285e-02 3.5632111164207142e-02
8.2220000000e+01 4.4046068121097653e-02 3.6429048140878856e-02
8.3340000000e+01 4.4022689196292937e-02 6.0707227619471907e-02
8.4460000000e+01 4.3273728422822615e-02 3.5740722462559861e-02
8.5600000000e+01 4.3056876431024141e-02 3.6025550279334809e-02
8.6760000000e+01 4.2809041400992391e-02 5.5991437681317001e-02
8.7940000000e+01 4.2263193474033678e-02 3.8263402860761436e-02
8.9120000000e+01 4.1819405196772796e-02 3.4633407033011113e-02
9.0340000000e+01 4.1475475016609732e-02 5.3547501033329122e-02
9.1560000000e+01 4.1029666968893423e-02 3.3893536884482295e-02
9.2800000000e+01 4.0846014472078786e-02 3.9440498808136853e-02
9.4040000000e+01 4.0534347938919510e-02 5.0284325472629378e-02
9.5320000000e+01 4.0174948462651100e-02 3.2756333680861803e-02
9.6620000000e+01 3.9864961332737876e-02 3.9239754961344533e-02
9.7920000000e+01 4.0012559520287802e-02 4.9417958048134605e-02
9.9240000000e+01 3.9354594640279739e-02 2.3785679125079139e-02
1.0058000000e+02 3.9530595937199903e-02 5.5245098693629494e-02
1.0194000000e+02 3.8976533087767717e-02 3.0127310768713930e-02
1.0332000000e+02 3.8946722915212055e-02 4.1961141645433554e-02
1.0472000000e+02 3.8691921534406676e-02 4.3340221060889202e-02
1.0614000000e+02 3.8383825528687514e-02 3.1700686494902652e-02
1.0758000000e+02 3.8096089322907950e-02 4.5404158527137868e-02
1.0904000000e+02 3.7674549886908534e-02 3.3474835684186348e-02
1.1052000000e+02 3.7295059183843113e-02 3.7991861968432634e-02
1.1200000000e+02 3.6839528621142967e-02 4.0495137894945230e-02
1.1352000000e+02 3.6398669685317048e-02 2.9623386898360082e-02
1.1506000000e+02 3.6144142498104971e-02 4.5184172980955922e-02
1.1662000000e+02 3.5681373259081009e-02 2.5226030945703224e-02
1.1820000000e+02 3.5701822428245655e-02 4.6850745789791731e-02
1.1980000000e+02 3.5259355873161806e-02 2.5288255594860323e-02
1.2142000000e+02 3.5354996024226343e-02 4.3956817580556612e-02
1.2306000000e+02 3.5038304485298238e-02 3.0764390113611234e-02
1.2472000000e+02 3.4880061573853149e-02 3.7796683292100015e-02
1.2642000000e+02 3.4797901506486831e-02 3.3458100827868181e-02
1.2812000000e+02 3.4452677566076950e-02 3.8393530369045324e-02
1.2986000000e+02 3.4095947321804154e-02 2.6547618899732998e-02
1.3162000000e+02 3.4000512234187368e-02 4.2168905674519919e-02
1.3340000000e+02 3.3591737507759331e-02 2.7050486457089209e-02
1.3520000000e+02 3.3585230840384339e-02 3.7840281756989946e-02
1.3702000000e+02 3.3446910812524419e-02 3.0385556316645020e-02
1.3888000000e+02 3.3214842665822877e-02 4.0167976504989183e-02
1.4076000000e+02 3.2797499673390233e-02 2.2605220866522412e-02
1.4266000000e+02 3.2893694206450712e-02 4.2985380889147613e-02
1.4460000000e+02 3.2442395945967137e-02 2.3795680422732154e-02
1.4656000000e+02 3.2220709435713805e-02 4.0233085778408922e-02
1.4854000000e+02 3.1728916017227243e-02 2.8488129671683456e-02
1.5054000000e+02 3.1518816156382565e-02 2.9797081491674194e-02
1.5258000000e+02 3.1283378076643817e-02 3.4043883850236246e-02
1.5466000000e+02 3.1033003722009476e-02 2.6455679563469735e-02
1.5674000000e+02 3.1108615883534804e-02 4.2656782797663266e-02
1.5886000000e+02 3.0476242327802435e-02 2.1693616687153566e-02
1.6102000000e+02 3.0466328201038485e-02 2.7621036770827709e-02
1.6320000000e+02 3.0403875487037373e-02 3.6413614929545271e-02
1.6540000000e+02 3.0071544597327301e-02 2.4012440762017570e-02
1.6764000000e+02 3.0015900890840084e-02 3.6463374754590924e-02
1.6990000000e+02 2.9588919557312250e-02 3.1213213169283646e-02
1.7220000000e+02 2.9288466759351515e-02 2.2215021001948297e-02
1.7454000000e+02 2.9189527418932375e-02 3.6419567439483005e-02
1.7690000000e+02 2.8896135603123537e-02 3.2752657416414331e-02
1.7930000000e+02 2.8593257083240963e-02 2.0987217804255255e-02
1.8172000000e+02 2.8531199999480419e-02 2.9041113481824532e-02
1.8418000000e+02 2.8405362688988703e-02 3.1116819948622382e-02
1.8668000000e+02 2.7989377011335512e-02 1.8079413857418167e-02
1.8920000000e+02 2.7950296105222691e-02 2.1846871530460908e-02
1.9176000000e+02 2.7968825525736308e-02 3.4267009104567245e-02
1.9436000000e+02 2.7654202644927087e-02 2.9425410445048081e-02
1.9698000000e+02 2.7405896747957088e-02 1.9997234191192381e-02
1.9966000000e+02 2.7418606355023210e-02 2.5016031576477065e-02
2.0236000000e+02 2.7349010381969484e-02 3.4777712589458797e-02
2.0510000000e+02 2.6991885465440506e-02 3.3392185609509420e-02
2.0786000000e+02 2.6540535098988540e-02 2.4279486824740425e-02
2.1068000000e+02 2.6312751735171180e-02 2.1545052077350885e-02
2.1354000000e+02 2.6273689156723703e-02 2.7519237799405134e-02
2.1642000000e+02 2.6271783597073627e-02 3.4685526580340097e-02
2.1934000000e+02 2.6060229566849093e-02 3.5241195066673177e-02
2.2232000000e+02 2.5807562828917493e-02 2.9445687054373892e-02
2.2532000000e+02 2.5559730141495117e-02 2.2935787463983066e-02
2.2838000000e+02 2.5351444433968445e-02 2.0484692467209919e-02
2.3146000000e+02 2.5205032700788856e-02 2.1400689384149987e-02
2.3460000000e+02 2.5065618621691935e-02 2.2149141483673303e-02
2.3778000000e+02 2.4842178361504225e-02 2.2420417150731571e-02
2.4100000000e+02 2.4681522025592269e-02 2.5722058630359215e-02
2.4426000000e+02 2.4580550153941748e-02 3.1006278160303970e-02
2.4756000000e+02 2.4464818817257355e-02 3.2295741716704046e-02
2.5090000000e+02 2.4306861876891121e-02 3.0786487852331297e-02
2.5430000000e+02 2.4235058540581625e-02 3.1113907580272823e-02
2.5774000000e+02 2.4018519626788078e-02 2.8698901978141827e-02
2.6124000000e+02 2.3771107827430409e-02 2.7981312079241316e-02
2.6478000000e+02 2.3726889118673614e-02 3.3386093223702881e-02
2.6836000000e+02 2.3361030786655537e-02 2.8517242916218547e-02
2.7198000000e+02 2.3110947967330851e-02 2.6845733725723901e-02
2.7566000000e+02 2.3167612721790791e-02 3.0472979411193500e-02
2.7940000000e+02 2.2871816420828795e-02 2.5389826483222154e-02
2.8318000000e+02 2.2815739378642730e-02 2.3279890348261979e-02
2.8700000000e+02 2.2468264686278144e-02 1.8783469425717333e-02
2.9090000000e+02 2.2435833133941409e-02 1.8928581663519541e-02
2.9484000000e+02 2.2043401449614877e-02 1.4628100849220501e-02
2.9882000000e+02 2.2136866934240721e-02 2.3251347422634842e-02
3.0286000000e+02 2.1967587467708743e-02 2.4934412445370476e-02
3.0696000000e+02 2.1858108416922775e-02 2.7230725905233205e-02
3.1112000000e+02 2.1732636313370260e-02 2.2072402349701491e-02
3.1532000000e+02 2.1516274045373252e-02 1.6604396159920341e-02
3.1960000000e+02 2.1385536753041095e-02 1.8062295501794150e-02
3.2392000000e+02 2.1296223632811237e-02 2.8375586429596464e-02
3.2830000000e+02 2.0947811788699797e-02 2.1248726474927336e-02
3.3274000000e+02 2.0763534922806415e-02 1.6043950371994992e-02
3.3726000000e+02 2.0650962516689974e-02 1.8971063430985143e-02
3.4182000000e+02 2.0713272292408946e-02 2.7004104259821818e-02
3.4644000000e+02 2.0406781247552876e-02 1.7310479878644851e-02
3.5112000000e+02 2.0170849354053322e-02 1.5365407107382665e-02
3.5588000000e+02 2.0292004128823714e-02 2.4624516135606060e-02
3.6070000000e+02 2.0069122710230793e-02 1.6578778521470001e-02
3.6558000000e+02 1.9974468468423618e-02 2.2306955946152198e-02
3.7052000000e+02 1.9875116401048307e-02 1.9860597770390787e-02
3.7554000000e+02 1.9680499876975902e-02 2.0033289644997350e-02
3.8062000000e+02 1.9704366744418146e-02 2.5604547926567824e-02
3.8578000000e+02 1.9278260167262310e-02 1.6592637144691724e-02
3.9100000000e+02 1.9290305031549125e-02 2.2627641435939788e-02
3.9628000000e+02 1.9066793130985166e-02 1.5469948530402075e-02
4.0164000000e+02 1.9064439009698713e-02 2.1089991784319931e-02
4.0708000000e+02 1.8822259684228335e-02 1.7279052089500948e-02
4.1260000000e+02 1.8804611815195584e-02 1.7024573672408432e-02
4.1818000000e+02 1.8616194607380291e-02 2.2176383330770284e-02
4.2384000000e+02 1.8438035944802596e-02 1.5464303383619937e-02
4.2958000000e+02 1.8526098781403363e-02 2.2742103827661560e-02
4.3538000000e+02 1.8279373339703881e-02 2.0152993941283781e-02
4.4128000000e+02 1.7986011069949723e-02 1.2574229868430917e-02
4.4726000000e+02 1.7969084408023139e-02 1.8399008897346233e-02
4.5330000000e+02 1.7826197955981331e-02 1.9800760361418878e-02
4.5944000000e+02 1.7627490938488841e-02 1.6268230839015047e-02
4.6566000000e+02 1.7602437470323758e-02 1.5276483830378820e-02
4.7196000000e+02 1.7562303226404268e-02 1.6501351358920592e-02
4.7834000000e+02 1.7497575761911167e-02 2.0697913925025416e-02
4.8482000000e+02 1.7223283045163754e-02 1.9638569563237417e-02
4.9138000000e+02 1.7164416692316498e-02 2.1506780522064273e-02
4.9804000000e+02 1.7023192885409492e-02 1.7436527817491495e-02
5.0478000000e+02 1.6762717669811134e-02 1.4051164430801693e-02
5.1160000000e+02 1.6823360935466391e-02 1.6988036757559277e-02
5.1852000000e+02 1.6525129998289950e-02 1.2330036338248989e-02
5.2554000000e+02 1.6555944794039597e-02 1.4666013884222368e-02
5.3266000000e+02 1.6402452137741608e-02 1.3712439746919958e-02
5.3986000000e+02 1.6322452357146196e-02 1.7931463686385124e-02
5.4718000000e+02 1.6220637353574891e-02 1.8781984630611967e-02
5.5458000000e+02 1.6195517842702942e-02 2.0054217328872137e-02
5.6208000000e+02 1.6100343218139055e-02 2.0289776690630291e-02
5.6968000000e+02 1.5896654291301229e-02 1.4074509115045805e-02
5.7740000000e+02 1.5735774295158895e-02 1.1106343924587947e-02
5.8522000000e+02 1.5692904392101210e-02 1.6122906790684424e-02
5.9314000000e+02 1.5636207835948279e-02 2.0310903139182150e-02
6.0116000000e+02 1.5446815744009126e-02 1.5110095141004809e-02
6.0930000000e+02 1.5340337068185526e-02 1.3369497084259895e-02
6.1754000000e+02 1.5249825714323050e-02 1.6873718077133462e-02
6.2590000000e+02 1.5105912166622774e-02 1.0686309368375132e-02
6.3436000000e+02 1.4996280607053223e-02 1.5379608292421106e-02
6.4296000000e+02 1.5019310279360272e-02 1.3975953533761919e-02
6.5166000000e+02 1.4796202301067974e-02 1.3388190052838901e-02
6.6048000000e+02 1.4726148783840310e-02 1.4202740925395037e-02
6.6942000000e+02 1.4597057198465288e-02 1.5716950330338170e-02
6.7848000000e+02 1.4547372854199252e-02 1.3145767141159203e-02
6.8766000000e+02 1.4463720224297438e-02 1.6094566995970314e-02
6.9696000000e+02 1.4280453258477741e-02 1.2659191334007565e-02
7.0640000000e+02 1.4263052596855973e-02 1.3020556330762816e-02
7.1596000000e+02 1.4209381331602345e-02 1.5292453540650881e-02
7.2564000000e+02 1.4044836471311609e-02 1.5495053519811695e-02
7.3546000000e+02 1.4003255209341738e-02 1.5182951323812293e-02
7.4542000000e+02 1.3827627712679452e-02 1.1363565143689231e-02
7.5550000000e+02 1.3822210420289157e-02 1.2249347985358029e-02
7.6574000000e+02 1.3678488344638430e-02 1.2310948148891864e-02
7.7610000000e+02 1.3532483242268120e-02 1.0557271146677882e-02
7.8660000000e+02 1.3510989726589514e-02 1.1614887592693433e-02
7.9724000000e+02 1.3393742080599303e-02 1.1007174826750838e-02
8.0804000000e+02 1.3207513581336094e-02 9.0911811796520452e-03
8.1896000000e+02 1.3117440467304696e-02 1.0657518757356429e-02
8.3006000000e+02 1.3175890982913732e-02 1.5099526810144301e-02
8.4128000000e+02 1.3062994583542613e-02 1.3812282905656125e-02
8.5266000000e+02 1.2948469309122794e-02 1.1374457710837591e-02
8.6420000000e+02 1.2802315725198410e-02 9.1113335382162833e-03
8.7590000000e+02 1.2864829917333127e-02 1.6718962403635820e-02
8.8776000000e+02 1.2673110003887041e-02 1.0765855523952750e-02
8.9978000000e+02 1.2631974970939156e-02 1.4272967585302863e-02
9.1196000000e+02 1.2529597444539898e-02 1.1455733157397232e-02
9.2430000000e+02 1.2443217020095959e-02 1.4315016742366089e-02
9.3680000000e+02 1.2357167690931226e-02 1.0000896025409343e-02
9.4948000000e+02 1.2280814415890186e-02 1.3685580696902183e-02
9.6232000000e+02 1.2140617717798952e-02 1.0902807820419153e-02
9.7536000000e+02 1.2076500339945612e-02 9.4022897442812264e-03
9.8856000000e+02 1.2054163051154986e-02 1.1986647859466692e-02
1.0019400000e+03 1.2027893917933071e-02 1.5493825724256900e-02
1.0155000000e+03 1.1907471477259908e-02 1.4852857529113733e-02
1.0292400000e+03 1.1766865919293580e-02 1.3394351583143692e-02
1.0431600000e+03 1.1736766109734013e-02 1.4388055780081543e-02
1.0572800000e+03 1.1654687320097491e-02 1.3331173607862710e-02
1.0716000000e+03 1.1601614676693210e-02 1.4651612626498115e-02
1.0861000000e+03 1.1557587989064987e-02 1.4153363071325148e-02
1.1008000000e+03 1.1351260269437901e-02 9.2001772360377054e-03
1.1156800000e+03 1.1265602376627364e-02 8.5656336266565804e-03
1.1307800000e+03 1.1295930901386917e-02 1.3635668119139181e-02
1.1461000000e+03 1.1208120499484098e-02 1.0946621409255630e-02
1.1616000000e+03 1.1043342815324774e-02 1.0710047294189824e-02
1.1773200000e+03 1.1063769269518190e-02 1.1102178089437999e-02
1.1932600000e+03 1.0930087644571153e-02 1.1376419908899295e-02
1.2094000000e+03 1.0831068464851528e-02 8.2059547534078930e-03
1.2257800000e+03 1.0840204760509526e-02 1.2378337532819370e-02
1.2423600000e+03 1.0719075095126476e-02 1.2510535630639910e-02
1.2591800000e+03 1.0631997068757141e-02 1.1065486118244610e-02
1.2762200000e+03 1.0551113856197867e-02 9.8046327468104631e-03
1.2935000000e+03 1.0503023256677327e-02 8.5137772593730631e-03
1.3110000000e+03 1.0370822270346188e-02 7.1960886457430318e-03
1.3287400000e+03 1.0342057086566723e-02 8.2040890746531200e-03
1.3467200000e+03 1.0346045394680790e-02 1.1776125031471522e-02
1.3649400000e+03 1.0287369813503875e-02 1.1841669261059541e-02
1.3834200000e+03 1.0185716828434057e-02 9.6935884710860603e-03
1.4021400000e+03 1.0045416811225952e-02 8.3325450624648998e-03
1.4211200000e+03 1.0097455831832865e-02 1.2419420168985597e-02
1.4403600000e+03 9.9034467335573344e-03 8.5965861821261959e-03
1.4598400000e+03 9.9482999576935571e-03 1.1002800977670653e-02
1.4796000000e+03 9.8676269134506389e-03 1.2095929414050816e-02
1.4996200000e+03 9.7273203564702468e-03 8.5514520982489257e-03
1.5199200000e+03 9.6752551870834293e-03 8.5852404411385919e-03
1.5405000000e+03 9.6574667895477154e-03 9.2159360188597307e-03
1.5613400000e+03 9.5848061003300060e-03 9.9039532858441887e-03
1.5824800000e+03 9.5434381366605592e-03 1.0065678735830660e-02
1.6038800000e+03 9.3828935796224245e-03 6.6901667404474525e-03
1.6256000000e+03 9.3808316135019307e-03 8.5417890357628052e-03
1.6476000000e+03 9.3104833340231126e-03 1.0732703653154858e-02
1.6699000000e+03 9.3232502008725945e-03 9.9485690177644956e-03
1.6925000000e+03 9.2317303883513342e-03 1.1368974489792764e-02
1.7154000000e+03 9.1705613653610442e-03 9.4035000406933224e-03
1.7386200000e+03 9.1394400709284649e-03 1.1768007431361341e-02
1.7621400000e+03 8.9600736146107883e-03 8.5179191132443970e-03
1.7859800000e+03 8.9324303307042104e-03 7.5487592586741120e-03
1.8101600000e+03 8.8530916125792013e-03 6.5388787145677597e-03
1.8346600000e+03 8.8337542437559730e-03 7.3950170632766550e-03
1.8594800000e+03 8.7294635642874152e-03 8.2006349558152742e-03
1.8846600000e+03 8.7204497079241394e-03 9.9555894695018618e-03
1.9101600000e+03 8.6556743393062692e-03 9.8764647210336128e-03
1.9360200000e+03 8.5494908744983399e-03 7.3561905561570877e-03
1.9622200000e+03 8.6172786010421144e-03 1.1606489105470401e-02
1.9887600000e+03 8.4241711612608183e-03 6.1885064223346116e-03
2.0156800000e+03 8.4609186403599990e-03 8.6926233821967326e-03
2.0429600000e+03 8.3815528102032192e-03 8.8052046025564636e-03
2.0706200000e+03 8.3713390431302999e-03 9.9356656955084475e-03
2.0986400000e+03 8.2804788852667462e-03 9.7483093358805943e-03
2.1270400000e+03 8.2604538660417531e-03 8.9086119058527542e-03
2.1558200000e+03 8.1210752608679871e-03 5.7747491443865435e-03
2.1850000000e+03 8.0959507638452763e-03 9.0185844686462673e-03
2.2145800000e+03 8.0324228597342968e-03 7.5140414216567208e-03
2.2445400000e+03 8.0123819371559612e-03 9.9197802442434618e-03
2.2749200000e+03 7.8953802311743562e-03 5.9440998196636195e-03
2.3057000000e+03 7.8395420406601277e-03 6.0056221996946709e-03
2.3369200000e+03 7.8268081202865838e-03 7.2393521229366757e-03
2.3685400000e+03 7.7299562920928860e-03 6.0928283032173408e-03
2.4006000000e+03 7.6555956681887286e-03 6.1482420308776580e-03
2.4330800000e+03 7.6791101488960156e-03 8.1334253327341455e-03
2.4660200000e+03 7.6253771655921485e-03 8.0231649833367846e-03
2.4993800000e+03 7.5525440657060391e-03 8.4232421552003171e-03
2.5332200000e+03 7.4500412587952310e-03 5.3336121201293741e-03
2.5675000000e+03 7.4681672005177781e-03 6.8470154032344473e-03
2.6022400000e+03 7.4678530813015523e-03 8.1394434233532532e-03
2.6374600000e+03 7.3763240687791144e-03 6.5923073091552053e-03
2.6731600000e+03 7.2775702693135391e-03 6.4595520709429680e-03
2.7093400000e+03 7.3075550858719132e-03 9.6104600452667274e-03
2.7460000000e+03 7.2119748253555455e-03 6.2600421799582440e-03
2.7831600000e+03 7.1678378176078276e-03 8.4581046126047128e-03
2.8208200000e+03 7.1195708614140126e-03 7.7434239665406628e-03
2.8590000000e+03 7.0461528176411093e-03 7.2309001026804789e-03
2.8977000000e+03 7.0382664064815581e-03 7.7908872381920111e-03
2.9369200000e+03 6.9701292484902633e-03 7.4539276384428550e-03
2.9766600000e+03 6.9132286604459891e-03 6.0000683291716568e-03
3.0169400000e+03 6.9080027993068602e-03 7.8165825159660484e-03
3.0577800000e+03 6.8195624435727509e-03 6.5903339898798225e-03
3.0991600000e+03 6.7693167061609952e-03 5.1397379504366124e-03
3.1411000000e+03 6.7183822188714160e-03 5.7151427855998424e-03
3.1836200000e+03 6.6527879144373421e-03 5.8534540806329735e-03
3.2267000000e+03 6.6527358512243825e-03 6.8849683383375489e-03
3.2703600000e+03 6.5749715564469898e-03 5.2586613270418324e-03
3.3146200000e+03 6.5318883558355073e-03 5.3961586885266297e-03
3.3594800000e+03 6.5714714285478410e-03 7.9424188663015857e-03
3.4049600000e+03 6.4813425389437960e-03 7.1038477287737357e-03
3.4510400000e+03 6.4394450717624565e-03 5.9187960768436240e-03
3.4977400000e+03 6.3755216854167835e-03 6.4164018516702842e-03
3.5450800000e+03 6.3449801910556939e-03 6.2970151731383400e-03
3.5930600000e+03 6.3586843614641076e-03 8.3232965979042218e-03
3.6416800000e+03 6.3222033449156943e-03 8.4866616606154559e-03
3.6909600000e+03 6.2394290290082822e-03 7.2036161439921987e-03
3.7409200000e+03 6.1957198315041959e-03 5.9730810486979570e-03
3.7915600000e+03 6.1206690281701281e-03 6.3734611054747535e-03
3.8428600000e+03 6.1118576722787032e-03 5.3778704506064600e-03
3.8948800000e+03 6.0445328920651145e-03 4.5304648961846088e-03
3.9475800000e+03 6.0264175892536798e-03 5.7434094058010626e-03
4.0010000000e+03 5.9864342579109067e-03 6.8396597634851185e-03
4.0551600000e+03 5.9501151095928666e-03 6.3286313574882026e-03
4.1100400000e+03 5.8992166755852714e-03 6.4612556372690803e-03
4.1656600000e+03 5.9082121324851907e-03 7.9514677093333441e-03
4.2220400000e+03 5.8692384863844246e-03 7.7019527163864464e-03
4.2791800000e+03 5.7706559490472795e-03 5.0386385263826846e-03
4.3371000000e+03 5.7348993257806801e-03 6.3653764052030775e-03
4.3957800000e+03 5.7173336917817116e-03 6.3939717621650299e-03
4.4552800000e+03 5.7001995782232050e-03 7.0526248596908536e-03
4.5155800000e+03 5.6219470248516862e-03 5.7301145069334099e-03
4.5766800000e+03 5.5789890752451507e-03 5.4241433993772632e-03
4.6386200000e+03 5.5619246959190856e-03 5.2292744297926397e-03
4.7014000000e+03 5.4969765882207809e-03 5.0118414916056515e-03
4.7650400000e+03 5.4460636507851698e-03 3.5917338167884621e-03
4.8295200000e+03 5.4315745224823358e-03 5.9507995922919252e-03
4.8948800000e+03 5.3900989188582927e-03 5.2819540124761566e-03
4.9611200000e+03 5.3616729049050273e-03 5.0721192745948832e-03
5.0282800000e+03 5.3720904944665653e-03 6.5715891422240260e-03
5.0963200000e+03 5.2624865644884233e-03 3.6557869417695810e-03
5.1653000000e+03 5.2923644885068608e-03 5.9342964607345377e-03
5.2352000000e+03 5.2279520843150637e-03 5.1083529536408503e-03
5.3060600000e+03 5.1865202030024343e-03 4.1139869210129005e-03
5.3778600000e+03 5.1685367528486945e-03 6.3378604223490870e-03
5.4506400000e+03 5.1218756889240789e-03 4.9933606070785711e-03
5.5244200000e+03 5.0877535672742549e-03 5.7018321102184936e-03
5.5991800000e+03 5.0457727894638923e-03 4.5159060513188538e-03
5.6749600000e+03 5.0151061855152950e-03 5.5037479028424534e-03
5.7517600000e+03 4.9934963676886296e-03 5.7545670572456981e-03
5.8296000000e+03 4.9841174552925768e-03 5.0938731076293608e-03
5.9085000000e+03 4.9226732835639039e-03 5.9642305113455371e-03
5.9884600000e+03 4.9124107031523522e-03 5.6772625629035785e-03
6.0695000000e+03 4.8671481064129800e-03 5.6131108026324901e-03
6.1516400000e+03 4.8131335287114382e-03 3.9387387083673654e-03
6.2349000000e+03 4.8003114918867325e-03 4.3758477030549784e-03
6.3192800000e+03 4.7522151930127184e-03 4.1278292498252191e-03
6.4048000000e+03 4.7538210271782988e-03 5.8919010884154969e-03
6.4914800000e+03 4.7017248600711072e-03 5.4244717209091103e-03
6.5793400001e+03 4.7040445621807873e-03 6.2959197752910359e-03
6.6683800001e+03 4.6077012217972182e-03 3.3509402830466896e-03
6.7586400001e+03 4.5900291171888635e-03 4.2208417190697121e-03
6.8501000001e+03 4.5287051190431686e-03 2.9412274936501687e-03
6.9428000001e+03 4.5430338678403978e-03 4.9870355298922767e-03
7.0367800001e+03 4.5564054899237252e-03 5.7427837317950503e-03
7.1320000001e+03 4.4861286029321441e-03 4.7581377202614121e-03
7.2285200001e+03 4.4761324015542931e-03 5.6486913066462092e-03
7.3263600001e+03 4.4398876237269659e-03 5.1308542210049147e-03
7.4255000001e+03 4.3903421953246846e-03 3.5886486230955828e-03
7.5260000001e+03 4.3898116451485478e-03 5.3109990913764692e-03
7.6278600001e+03 4.3702198014792699e-03 4.9291835400230308e-03
7.7311000001e+03 4.2839135928124435e-03 3.8952003032262286e-03
7.8357200001e+03 4.2659803952538886e-03 4.0398274450349908e-03
7.9417600001e+03 4.2653054582857675e-03 4.6952695972612406e-03
8.0492400001e+03 4.1961380781399332e-03 4.1732420656801347e-03
8.1581800001e+03 4.2312551880507622e-03 5.4446622308322555e-03
8.2686000001e+03 4.1435226107681368e-03 3.9961141678020512e-03
8.3805000001e+03 4.1279854234505956e-03 3.6691289652044951e-03
8.4939200001e+03 4.0952957663184016e-03 3.6848015002866686e-03
8.6088800001e+03 4.1018520028261295e-03 4.7249488494996196e-03
8.7253800001e+03 4.0413111117254732e-03 3.0367366766042786e-03
8.8434600001e+03 4.0234683273176570e-03 3.9906201244003861e-03
8.9631600001e+03 3.9956627943269285e-03 3.2492937438608300e-03
9.0844600001e+03 3.9866627153543549e-03 3.9504545468515197e-03
9.2074000001e+03 3.9100229843178199e-03 2.5242221687945638e-03
9.3320200001e+03 3.9270928239510394e-03 4.1835904674120492e-03
9.4583200001e+03 3.9201697283442047e-03 4.1788580810727836e-03
9.5863200001e+03 3.8984482161318183e-03 4.9958116178358599e-03
9.7160600001e+03 3.8467456317133890e-03 4.2284103453904300e-03
9.8475600001e+03 3.7887428164526905e-03 3.4050150467953132e-03
9.9808200001e+03 3.7984460174552174e-03 3.9925214235375520e-03
1.0115900000e+04 3.7673492142707033e-03 3.6154981137058399e-03
1.0252800000e+04 3.7107817800863729e-03 3.2332241348383712e-03
1.0391560000e+04 3.6799730891959367e-03 2.3976015381941113e-03
1.0532200000e+04 3.7136081623148015e-03 4.2969518457516495e-03
1.0674740000e+04 3.6351341685578317e-03 2.8228744199876102e-03
1.0819220000e+04 3.6573558219527066e-03 4.3403062932189538e-03
1.0965640000e+04 3.6299927446105454e-03 4.5478304179499690e-03
1.1114040000e+04 3.5885133017038015e-03 3.0708410035236305e-03
1.1264460000e+04 3.5334661406945865e-03 2.2202926042674187e-03
1.1416900000e+04 3.5411901800965688e-03 3.8494208358658983e-03
1.1571420000e+04 3.5446230726973917e-03 3.7828842615890436e-03
1.1728020000e+04 3.5158811930736658e-03 4.1809431625758836e-03
1.1886740000e+04 3.4760709349351444e-03 3.3145893703662244e-03
1.2047620000e+04 3.4309738422665620e-03 3.0649900044795106e-03
1.2210660000e+04 3.4125701472951919e-03 2.7844141579364597e-03
1.2375920000e+04 3.4117431596361941e-03 3.4294333193935047e-03
1.2543420000e+04 3.3745532034448796e-03 3.0554922654201450e-03
1.2713180000e+04 3.3662314789730226e-03 3.2921352736150333e-03
1.2885220000e+04 3.3266849368231871e-03 2.3821311445255595e-03
1.3059620000e+04 3.2935129674640344e-03 2.4889602306734570e-03
1.3236360000e+04 3.2846851775550361e-03 3.3501804731831761e-03
1.3415500000e+04 3.2915719217529015e-03 3.3102190617678808e-03
1.3597060000e+04 3.2523698313931875e-03 3.1292700975333312e-03
1.3781080000e+04 3.2468967568953433e-03 3.7865335520828017e-03
1.3967580000e+04 3.1942563179979486e-03 2.6178696444237237e-03
1.4156620000e+04 3.1558735332397397e-03 2.2209628605609506e-03
1.4348200000e+04 3.1756725238569687e-03 2.9407643464614544e-03
1.4542400000e+04 3.1411763456392740e-03 3.5974763497009970e-03
1.4739200000e+04 3.1208622576578311e-03 2.8540714068985363e-03
1.4938680000e+04 3.0906412151410455e-03 2.3917959399462367e-03
1.5140860000e+04 3.0763662325413053e-03 2.8692298132713921e-03
1.5345760000e+04 3.0797149208603601e-03 3.9334745501937319e-03
1.5553460000e+04 3.0343363038911842e-03 2.2596561927376267e-03
1.5763940000e+04 3.0031966549484406e-03 2.6371536048204460e-03
1.5977300000e+04 2.9989500620523691e-03 3.3404884935231758e-03
1.6193520000e+04 2.9877553243424001e-03 3.1351368892118012e-03
1.6412680000e+04 2.9649722010213972e-03 2.4774662602954161e-03
1.6634800000e+04 2.9523981738139452e-03 3.6046993060097352e-03
1.6859940000e+04 2.8890417605527056e-03 1.8547556346650302e-03
1.7088120000e+04 2.9150075847245494e-03 3.4654443612641504e-03
1.7319380000e+04 2.9015098954249768e-03 3.2673328223590710e-03
1.7553780000e+04 2.8658239661601866e-03 2.7183574187736870e-03
1.7791340000e+04 2.8576665817376702e-03 3.1148963884900988e-03
1.8032120000e+04 2.8374882193329771e-03 3.2668529066346144e-03
1.8276160000e+04 2.8274195805920123e-03 3.4618133424263314e-03
1.8523520000e+04 2.7927809151571037e-03 3.0689271591215900e-03
1.8774200000e+04 2.7645372615455110e-03 2.6909967775867638e-03
1.9028280000e+04 2.7349741553087544e-03 2.3962905504191661e-03
1.9285820000e+04 2.7335815834136799e-03 3.1301417141938589e-03
1.9546820000e+04 2.7136249080864350e-03 3.1398458128974989e-03
1.9811360000e+04 2.6783425989266468e-03 2.1586973463332670e-03
2.0079480000e+04 2.6803013977478125e-03 2.5652788343749856e-03
2.0351240000e+04 2.6658850103570145e-03 3.1047413481570451e-03
2.0626660000e+04 2.6500735699360339e-03 3.2094403638807528e-03
2.0905820000e+04 2.6204930478862304e-03 2.9910580289539863e-03
2.1188740000e+04 2.6173814119570911e-03 3.0246570368629238e-03
2.1475520000e+04 2.5806249855788170e-03 2.7605702762785725e-03
2.1766160000e+04 2.5884069713084231e-03 2.7137512464238977e-03
2.2060740000e+04 2.5343060105454183e-03 2.0962515771866166e-03
2.2359300000e+04 2.5354504011093066e-03 2.7495483514012871e-03
2.2661900000e+04 2.5272029087977858e-03 2.5764521115537627e-03
2.2968600000e+04 2.4936410455683659e-03 1.9658425441623955e-03
2.3279440000e+04 2.4799528140756607e-03 1.9249290875726674e-03
2.3594500000e+04 2.4811267484341594e-03 2.6929753335891093e-03
2.3913820000e+04 2.4539466072923191e-03 2.4157882892488535e-03
2.4237460000e+04 2.4485246094961902e-03 2.6057296549387154e-03
2.4565500000e+04 2.4288365054175600e-03 2.6616552249444634e-03
2.4897960000e+04 2.3919002864820579e-03 2.3737898589422457e-03
2.5234920000e+04 2.3669077775230383e-03 1.7026650618238606e-03
2.5576440000e+04 2.3759599786518921e-03 2.4939261175820383e-03
2.5922580000e+04 2.3592939620377396e-03 1.9885639986360589e-03
2.6273400000e+04 2.3626114619219613e-03 2.8318481713441876e-03
2.6628980000e+04 2.3003414655124702e-03 1.6071286633591040e-03
2.6989380000e+04 2.3255548671590725e-03 2.8104973575358073e-03
2.7354640001e+04 2.2882159708562480e-03 1.9772947703159730e-03
2.7724860001e+04 2.2649327576387381e-03 1.6241814559765770e-03
2.8100080001e+04 2.2654458000447211e-03 2.4075704771455240e-03
2.8480360001e+04 2.2364586226645482e-03 1.9878700873123527e-03
2.8865820001e+04 2.2378619138755432e-03 2.5537394731609971e-03
2.9256480001e+04 2.2254284358729885e-03 2.7729641300655687e-03
2.9652420001e+04 2.2022226580647244e-03 2.2274314731960251e-03
3.0053740001e+04 2.2057486057436137e-03 2.3060841681902633e-03
3.0460460001e+04 2.1734203196159931e-03 2.0534591821996673e-03
3.0872720001e+04 2.1505338162442298e-03 1.7809931072817475e-03
3.1290540001e+04 2.1458688364159365e-03 2.2254340545169696e-03
3.1714020001e+04 2.1143816046479600e-03 1.5817611640136214e-03
3.2143220001e+04 2.1304449673934592e-03 2.1461923255331134e-03
3.2578240001e+04 2.0982697568003557e-03 2.1396989464064317e-03
3.3019140001e+04 2.1153750772094819e-03 2.5540759890515102e-03
3.3466020001e+04 2.0920174590394365e-03 2.4559665420909914e-03
3.3918940000e+04 2.0486699384476090e-03 1.9520022660281457e-03
3.4377980000e+04 2.0482017273775349e-03 1.9442383682823222e-03
3.4843240000e+04 2.0416040739877819e-03 1.8071727455934313e-03
3.5314800000e+04 2.0110718302062324e-03 1.6213304288614618e-03
3.5792740000e+04 2.0253220966152618e-03 2.1009916351217295e-03
3.6277140000e+04 2.0150575474692325e-03 2.5933224957786103e-03
3.6768120000e+04 1.9839800637747210e-03 1.8414059681928596e-03
3.7265720000e+04 1.9764997918619229e-03 2.3929114282567458e-03
3.7770060000e+04 1.9572109996503139e-03 1.8754489926388924e-03
3.8281240000e+04 1.9508132601906984e-03 2.1268497818492191e-03
3.8799320000e+04 1.9449372091298578e-03 2.1903381098481792e-03
3.9324420000e+04 1.9060178813474072e-03 1.3925195392557542e-03
3.9856619999e+04 1.9115289883868875e-03 2.0959043001983189e-03
4.0396039999e+04 1.8988990851318875e-03 1.8310425537341102e-03
4.0942739999e+04 1.8797142639899575e-03 2.1380357186938895e-03
4.1496839999e+04 1.8492366694950150e-03 1.2287636658522708e-03
4.2058459999e+04 1.8650194543125295e-03 1.7966972208631241e-03
4.2627659999e+04 1.8280425811490373e-03 1.4678773944071951e-03
4.3204579999e+04 1.8324838903679623e-03 1.5207040344435824e-03
4.3789299999e+04 1.8270428847685866e-03 2.1559931772894918e-03
4.4381919999e+04 1.7996796524316211e-03 1.6596904735371549e-03
4.4982579999e+04 1.7940587388158434e-03 1.6498537754490292e-03
4.5591359999e+04 1.7735785560355874e-03 1.9014542406264631e-03
4.6208379998e+04 1.7619806254008657e-03 1.3929855063052783e-03
4.6833739998e+04 1.7519423990180515e-03 1.5639612581776910e-03
4.7467579998e+04 1.7452749980333398e-03 1.9193378021749919e-03
4.8109999998e+04 1.7312586999208008e-03 1.8038161855994193e-03
4.8761099998e+04 1.7128944172567313e-03 1.3005221809778448e-03
4.9421019998e+04 1.7072766806866297e-03 1.4357157150023680e-03
5.0089859998e+04 1.6888934043863498e-03 1.6660396996002382e-03
5.0767759998e+04 1.6789733304045792e-03 1.7288046664113924e-03
5.1454839998e+04 1.6756337393672967e-03 1.6277178714490664e-03
5.2151219998e+04 1.6691896419946473e-03 1.8578288138130744e-03
5.2857019997e+04 1.6567406929017057e-03 1.8003187761789329e-03
5.3572379997e+04 1.6542680016540091e-03 1.9701113289613652e-03
5.4297399997e+04 1.6297629733506521e-03 1.3888503972175710e-03
5.5032239997e+04 1.6372487325883884e-03 2.0392044221176453e-03
5.5777039997e+04 1.6140911126702098e-03 1.6138925818402830e-03
5.6531899997e+04 1.6092198347039466e-03 1.4837180352886311e-03
5.7296999997e+04 1.5927627547552617e-03 1.3633096492324495e-03
5.8072439997e+04 1.5883508900971653e-03 1.5298157546262750e-03
5.8858379996e+04 1.5731431507569065e-03 1.3259851166611042e-03
5.9654939996e+04 1.5427590101798191e-03 1.0248813927687646e-03
6.0462299996e+04 1.5357682805594390e-03 1.3434556867601487e-03
6.1280579996e+04 1.5317786567727448e-03 1.5548253801299186e-03
6.2109919996e+04 1.5221318394550640e-03 1.2638855580775943e-03
6.2950499996e+04 1.5164044230596889e-03 1.6384930361604086e-03
6.3802459996e+04 1.4998938349998030e-03 1.4507619666234463e-03
6.4665939996e+04 1.5083531401006568e-03 1.5884032801502458e-03
6.5541119995e+04 1.4811480203059304e-03 1.5621755714479539e-03
6.6428119996e+04 1.4760075185386258e-03 1.6767895157234355e-03
6.7327139996e+04 1.4641210554867782e-03 1.3860830017636246e-03
6.8238339996e+04 1.4608548325882806e-03 1.7312192166999089e-03
6.9161859996e+04 1.4355275380250724e-03 1.1190045302471325e-03
7.0097859996e+04 1.4373074720378143e-03 1.2400752912744058e-03
7.1046559996e+04 1.4255617417696935e-03 1.3265223046904750e-03
7.2008079997e+04 1.4131226747336853e-03 1.1846847768159634e-03
7.2982619997e+04 1.4074810821783912e-03 1.0883141048042911e-03
7.3970339997e+04 1.4131673816404841e-03 1.4659598706545556e-03
7.4971439997e+04 1.4019666049739227e-03 1.7221513197431574e-03
7.5986079998e+04 1.3885669994512728e-03 1.3586961676593917e-03
7.7014439998e+04 1.3704946651106578e-03 1.4531185641394211e-03
7.8056739998e+04 1.3613472648969518e-03 1.1519347949518828e-03
7.9113139998e+04 1.3580198239074011e-03 1.3949552302303671e-03
8.0183819998e+04 1.3384161054743292e-03 1.0942798484656307e-03
8.1269019999e+04 1.3427382384629189e-03 1.4841119053526195e-03
8.2368879999e+04 1.3196204561673201e-03 1.3483575887620082e-03
8.3483639999e+04 1.3280094908639114e-03 1.5406471013438940e-03
8.4613479999e+04 1.2999042184393328e-03 1.1397712664686071e-03
8.5758619999e+04 1.3035606722296884e-03 1.1329174430998242e-03
8.6919260000e+04 1.2895109119096604e-03 1.3247454687060204e-03
8.8095600000e+04 1.2797339160321537e-03 1.1833805262328868e-03
8.9287860000e+04 1.2855237574656991e-03 1.6337031109364972e-03
9.0496240000e+04 1.2719569257322409e-03 1.3806937365868238e-03
9.1721000001e+04 1.2563108725818356e-03 1.0233290714699796e-03
9.2962320001e+04 1.2472175326446384e-03 1.4220132955214170e-03
9.4220440001e+04 1.2471078244452782e-03 1.2855208262923100e-03
9.5495600001e+04 1.2402044857876492e-03 1.1691277735789171e-03
9.6788020002e+04 1.2286971198855209e-03 1.1077500087462236e-03
9.8097920002e+04 1.2120766678562042e-03 9.5675467588434977e-04
9.9425540002e+04 1.2133157633385234e-03 1.1843786871533961e-03
1.0077114000e+05 1.2089383728005312e-03 1.4596207403589981e-03
1.0213494000e+05 1.2005743140351022e-03 1.1699452484002274e-03
1.0351720000e+05 1.1988575456072746e-03 1.4947980171462177e-03
1.0491818000e+05 1.1692707080889994e-03 1.0440942587332542e-03
1.0633812000e+05 1.1628303560680718e-03 1.1281547697833713e-03
1.0777726000e+05 1.1666441792837416e-03 1.4231146570736217e-03
1.0923588000e+05 1.1596735092389435e-03 1.0886604441066566e-03
1.1071426000e+05 1.1447581284619217e-03 1.0727441174348202e-03
1.1221262000e+05 1.1327156813300521e-03 1.0523862121885280e-03
1.1373128001e+05 1.1302075939981005e-03 8.9091539590141749e-04
1.1527048001e+05 1.1285764796770334e-03 1.1430292273879156e-03
1.1683052001e+05 1.1230646836280099e-03 1.2635746591453925e-03
1.1841168001e+05 1.1018158624743291e-03 9.2356580170844518e-04
1.2001422001e+05 1.1012144996811061e-03 9.5570322348814685e-04
1.2163846001e+05 1.0944387583658763e-03 9.3793720483522193e-04
1.2328468001e+05 1.0824181309089939e-03 1.1618605803409543e-03
1.2495318001e+05 1.0689595533179383e-03 7.8980592943875510e-04
1.2664426001e+05 1.0782333658278290e-03 1.2318188947821451e-03
1.2835824001e+05 1.0678375796320818e-03 9.3774104585866470e-04
1.3009540001e+05 1.0697556621826624e-03 1.3520447642491103e-03
1.3185606001e+05 1.0458438118544360e-03 1.1018957243544240e-03
1.3364056001e+05 1.0363379715619713e-03 1.0136257415789740e-03
1.3544922001e+05 1.0346894202443143e-03 1.1742647544128000e-03
1.3728236001e+05 1.0234427026592358e-03 9.5982937093225034e-04
1.3914030000e+05 1.0191432032730717e-03 9.0652745165250876e-04
1.4102338000e+05 1.0068476576230675e-03 8.6363672348621049e-04
1.4293194000e+05 1.0189486806139814e-03 1.1586439945518135e-03
1.4486634000e+05 1.0047836397559021e-03 1.1810792020237157e-03
1.4682692000e+05 9.9835175218176780e-04 8.6502124775197475e-04
1.4881404000e+05 9.9435461940848764e-04 8.6243809452030596e-04
1.5082804000e+05 9.8623622114431047e-04 1.1686540408545202e-03
1.5286930000e+05 9.6786423103312040e-04 6.4125307669549831e-04
1.5493820000e+05 9.7819077958020864e-04 1.1763358704471817e-03
1.5703508000e+05 9.7098318767933878e-04 1.0912811223009271e-03
1.5916035999e+05 9.5891580610418760e-04 9.8500546876650039e-04
1.6131437999e+05 9.4611897561850300e-04 7.2075015314866566e-04
1.6349755999e+05 9.4742842420874110e-04 8.5362572442351250e-04
1.6571029999e+05 9.4719496985282343e-04 1.2009587540571479e-03
1.6795295999e+05 9.3711085552345048e-04 9.1604412299302307e-04
1.7022599999e+05 9.2260406479538308e-04 9.9613176150073739e-04
1.7252977999e+05 9.1158527476469398e-04 7.8004013105237454e-04
1.7486475999e+05 9.2042783945355867e-04 1.1042309689990220e-03
1.7723131998e+05 9.0660991016806283e-04 8.5287109040448213e-04
1.7962991998e+05 9.0307888786368619e-04 8.0627980023820580e-04
1.8206097998e+05 8.9453822742658132e-04 7.9498925054846160e-04
1.8452493998e+05 8.9140369688005478e-04 1.0203101346208615e-03
1.8702223998e+05 8.9279185549254419e-04 1.0516499240885385e-03
1.8955335998e+05 8.8049829055469680e-04 9.6227935168025113e-04
1.9211871998e+05 8.7213146067202836e-04 8.9423490086773408e-04
1.9471879998e+05 8.6938907426183966e-04 9.1059879062163206e-04
1.9735405997e+05 8.5826920527679463e-04 7.9505083153001059e-04
2.0002499997e+05 8.5873300416775163e-04 9.9497834922920685e-04
2.0273207997e+05 8.5060725426688356e-04 9.9967323433408336e-04
2.0547577997e+05 8.4189791300902199e-04 7.2070355164399671e-04
2.0825663997e+05 8.4477795999959729e-04 1.0054538432189362e-03
2.1107511997e+05 8.3380090031683432e-04 1.0083285137416989e-03
2.1393175997e+05 8.2364056058336938e-04 8.0209213615506825e-04
2.1682703996e+05 8.1523095937170590e-04 7.5277736733187406e-04
2.1976151996e+05 8.1981440614386125e-04 9.5203851132803514e-04
2.2273569996e+05 8.1038866409454237e-04 6.7171232258595023e-04
2.2575013996e+05 8.0195506206259121e-04 6.2183419557728075e-04
2.2880537996e+05 8.0395772332589918e-04 7.8188282880519138e-04
2.3190197996e+05 7.9779480629737598e-04 9.8934625472375500e-04
2.3504045995e+05 7.9187810916364360e-04 7.4497633551169748e-04
2.3822143995e+05 7.7966132439793165e-04 6.7449196991678007e-04
2.4144545995e+05 7.7575590214164864e-04 5.5392681348717275e-04
2.4471309995e+05 7.7363328647115823e-04 9.5645036853590326e-04
2.4802497995e+05 7.7254965394123274e-04 7.9471073139738093e-04
2.5138167995e+05 7.6336376099618629e-04 7.0133860759599275e-04
2.5478379994e+05 7.4949634299492380e-04 4.9735225180811121e-04
2.5823197994e+05 7.4774611386531744e-04 6.0396069188575264e-04
2.6172681994e+05 7.5000424262578120e-04 7.0976653787699177e-04
2.6526895994e+05 7.3816809288777200e-04 5.5581583193640830e-04
2.6885901995e+05 7.3412842823217402e-04 5.5060854415377885e-04
2.7249767995e+05 7.3566746955589998e-04 7.4204553109670480e-04
2.7618559995e+05 7.2722971942961703e-04 7.3035847743647389e-04
2.7992339996e+05 7.2223224610953765e-04 6.0184137440101376e-04
2.8371179996e+05 7.1693108513290677e-04 7.9132283159554482e-04
2.8755147996e+05 7.1675378188980343e-04 6.8053920286705060e-04
2.9144311997e+05 7.1129999514318897e-04 6.7970623297151879e-04
2.9538741997e+05 7.0327899687457312e-04 8.0074780230364212e-04
2.9938511997e+05 7.0477499123914786e-04 7.5235194737095648e-04
3.0343689998e+05 6.9934079908086778e-04 7.7816577075320110e-04
3.0754353998e+05 6.9269122844524899e-04 6.3585133282696845e-04
3.1170573999e+05 6.8548005093221616e-04 7.0824066387220543e-04
3.1592427999e+05 6.8082293338123600e-04 7.4972678500425435e-04
3.2019989999e+05 6.7313302975537809e-04 6.3853320919956364e-04
3.2453340000e+05 6.7103941234162657e-04 7.2450669033992951e-04
3.2892554000e+05 6.6392960042532356e-04 5.0631217299370397e-04
3.3337712001e+05 6.7053650868947380e-04 8.4537429608446508e-04
3.3788896001e+05 6.6566759053887192e-04 8.2373785915492576e-04
3.4246184001e+05 6.5870600151464074e-04 6.8622277630649956e-04
3.4709662002e+05 6.4575468921285054e-04 5.5265069781727035e-04
3.5179412002e+05 6.4854405864015797e-04 6.6940616408365334e-04
3.5655520003e+05 6.4019326587509251e-04 6.0838076949509953e-04
3.6138072003e+05 6.3867041153090477e-04 7.7218324012812037e-04
3.6627154004e+05 6.3522689885407019e-04 5.5570202842977485e-04
3.7122856004e+05 6.3349671488489173e-04 7.0433905919817848e-04
3.7625266005e+05 6.2904990297628154e-04 6.6336258895175880e-04
3.8134476005e+05 6.2079334734226640e-04 6.3964847894926852e-04
3.8650576006e+05 6.1559723324752910e-04 6.5906142359153713e-04
3.9173662006e+05 6.0826463161936983e-04 4.6202121176878476e-04
3.9703828007e+05 6.0269121272110097e-04 4.7967252983231496e-04
4.0241168007e+05 6.0868063092382036e-04 7.2305058877933468e-04
4.0785780008e+05 6.0401099726400541e-04 6.5202770794460052e-04
4.1337762008e+05 5.9469886833929311e-04 5.4591333249731904e-04
4.1897216009e+05 5.8876434376773398e-04 4.8761034536635734e-04
4.2464240009e+05 5.9128161998815948e-04 7.4844262852499289e-04
4.3038940010e+05 5.8539024197261152e-04 4.9451616920060423e-04
4.3621416010e+05 5.7890809110487055e-04 5.3691633087279251e-04
4.4211776011e+05 5.7858306188272391e-04 5.2514073705023606e-04
4.4810126011e+05 5.6824022189175000e-04 5.0138566069023638e-04
4.5416572012e+05 5.6947704986217492e-04 6.4075223927061457e-04
4.6031228012e+05 5.6939624309401769e-04 6.8003386073613365e-04
4.6654200013e+05 5.5975902875882654e-04 4.7499396881239462e-04
4.7285604014e+05 5.5710325065282573e-04 4.5219432001285031e-04
4.7925554014e+05 5.4930315784053124e-04 4.5704018551102031e-04
4.8574166015e+05 5.5391639881522661e-04 6.3172729969531057e-04
4.9231554015e+05 5.5376093174873886e-04 7.3415601464815522e-04
4.9897840016e+05 5.3750465869258643e-04 4.8457877668029841e-04
5.0573142017e+05 5.4106628216870245e-04 5.0846727010670184e-04
5.1257584017e+05 5.3868599288072047e-04 6.7272237724455401e-04
5.1951290018e+05 5.3419434926861608e-04 5.7778318963944348e-04
5.2654384019e+05 5.3088463122247297e-04 5.6091029175103899e-04
5.3366994019e+05 5.2423506275425325e-04 4.4344416839649269e-04
5.4089246020e+05 5.1618391561018416e-04 3.9652978138470418e-04
5.4821276021e+05 5.1331209117611660e-04 3.5688513021082859e-04
5.5563210021e+05 5.1031131128778662e-04 4.0906060423474778e-04
5.6315186022e+05 5.1138391709371447e-04 5.0109423821849202e-04
5.7077340023e+05 5.0908865014121039e-04 5.8798108456974694e-04
5.7849808023e+05 5.0730279499543044e-04 5.2978476962915397e-04
5.8632732024e+05 5.0361184666876608e-04 4.8461040235275388e-04
5.9426250025e+05 4.9539419335161068e-04 4.5366460890940694e-04
6.0230508026e+05 4.9365801506026750e-04 5.6544832906766230e-04
6.1045650026e+05 4.9348987052346815e-04 6.1161628570324908e-04
6.1871824027e+05 4.8515200814490877e-04 3.8904999312377173e-04
6.2709180028e+05 4.8396674663811896e-04 5.6662029433137296e-04
6.3557868029e+05 4.8493177045842668e-04 5.5946622316310800e-04
6.4418040030e+05 4.7857906257070103e-04 4.1738807744871528e-04
6.5289856030e+05 4.7359395476274474e-04 4.4960550005975733e-04
6.6173470031e+05 4.7269209116017059e-04 4.5408227328042381e-04
6.7069042032e+05 4.7301522566362101e-04 5.7270615549806210e-04
6.7976736033e+05 4.6672853413948830e-04 5.2137154693591699e-04
6.8896714034e+05 4.6517256215207025e-04 5.1209915337279311e-04
6.9829142035e+05 4.5917068308544250e-04 3.7480301837520603e-04
7.0774190036e+05 4.5846807596365671e-04 3.9967954511175218e-04
7.1732026036e+05 4.5515605013257725e-04 5.3361180742820917e-04
7.2702828037e+05 4.4742128478726493e-04 3.5986551769315496e-04
7.3686766038e+05 4.4474727652267515e-04 3.6142336151892963e-04
7.4684022039e+05 4.4703723094200115e-04 5.2896945188232508e-04
7.5694774040e+05 4.4408761444386338e-04 5.6114075760077520e-04
7.6719204041e+05 4.4315869462681237e-04 5.3865816452896014e-04
7.7757500042e+05 4.3584821871212867e-04 4.5935436756883001e-04
7.8809848043e+05 4.3462902422106782e-04 5.1647139743448117e-04
7.9876438044e+05 4.2919019465459672e-04 4.4818882761181846e-04
8.0957462045e+05 4.2493628700843270e-04 4.5549436173157918e-04
8.2053118046e+05 4.2420084441416696e-04 4.5574302510741305e-04
8.3163600047e+05 4.2087036232830126e-04 3.7000343547620993e-04
8.4289112048e+05 4.1662517304807853e-04 4.1000238554426342e-04
8.5429858049e+05 4.1464866472223569e-04 4.2980666541197056e-04
8.6586040050e+05 4.1482902139809420e-04 4.1632590435979413e-04
8.7757870051e+05 4.1226009462442745e-04 4.3929221365183275e-04
8.8945560052e+05 4.0870102013810324e-04 3.7681379457486742e-04
9.0149324054e+05 4.0805574990842284e-04 5.1982222608768175e-04
9.1369378055e+05 4.0179652059663378e-04 4.1622872016591203e-04
9.2605946056e+05 3.9601553338709523e-04 3.3386549635491705e-04
9.3859248057e+05 4.0012532492517567e-04 4.5580088020185153e-04
9.5129512058e+05 3.9678904130018261e-04 4.8075896968579517e-04
9.6416966059e+05 3.9438760680790243e-04 3.8182846266381396e-04
9.7721846061e+05 3.8752140323799474e-04 3.3831945820160173e-04
9.9044386062e+05 3.8617750950930007e-04 4.5907740198567056e-04
1.0038482406e+06 3.8721172952275095e-04 4.7204526686812182e-04
1.0174340206e+06 3.7969125352987324e-04 3.7760481730975115e-04
1.0312036807e+06 3.8035633989561934e-04 3.4572384468063223e-04
1.0451597007e+06 3.7515632014944008e-04 3.8402444915164736e-04
1.0593046007e+06 3.7684757726013035e-04 4.2216512091168540e-04
1.0736409207e+06 3.7131709379065452e-04 4.0194269536799411e-04
1.0881712607e+06 3.7045656740889571e-04 4.1036661337704719e-04
1.1028982607e+06 3.6474480840901325e-04 3.5325651813416321e-04
1.1178245607e+06 3.6229839620501817e-04 3.0613695927488613e-04
1.1329528808e+06 3.6159521818492134e-04 4.2920728956525732e-04
1.1482859408e+06 3.6332786338970878e-04 4.7058428017946862e-04
1.1638265008e+06 3.5351130256916410e-04 2.7270404178729229e-04
1.1795774008e+06 3.5508107814117862e-04 3.2800100331792164e-04
1.1955414608e+06 3.5363304043028738e-04 3.8314791588080275e-04
1.2117215808e+06 3.4742797942673024e-04 3.4394274708749633e-04
1.2281206608e+06 3.4857173399182272e-04 3.8731758585610097e-04
1.2447417009e+06 3.4552227966881520e-04 3.7114223016931772e-04
1.2615876609e+06 3.4326713440653432e-04 2.9224399639179679e-04
1.2786616209e+06 3.3915337805305389e-04 3.7218373329839629e-04
1.2959666609e+06 3.4024101338993328e-04 3.6673715885948796e-04
1.3135059009e+06 3.3725343513284819e-04 2.9193437326406651e-04
1.3312825209e+06 3.3580563197947884e-04 3.6105613044102778e-04
1.3492997010e+06 3.3082028774308777e-04 3.7581065425842692e-04
1.3675607410e+06 3.2742651597285306e-04 2.8916119949867097e-04
1.3860689210e+06 3.2430260050303537e-04 2.3378777896053798e-04
1.4048275810e+06 3.2284808531532152e-04 2.4970010055747657e-04
1.4238401010e+06 3.2288202193254099e-04 3.6993674737364644e-04
1.4431099410e+06 3.1856029605039846e-04 2.6306584353206607e-04
1.4626405811e+06 3.1670329231434438e-04 2.3821375440275126e-04
1.4824355411e+06 3.1765972873212518e-04 3.9912445158971240e-04
1.5024983811e+06 3.1456914099076133e-04 2.7273036284485675e-04
1.5228327611e+06 3.1099357706854710e-04 2.5012998323183810e-04
1.5434423411e+06 3.1060397792861646e-04 2.9580866936576746e-04
1.5643308412e+06 3.0912085322387314e-04 3.4307005333199833e-04
1.5855020612e+06 3.0598160359182917e-04 3.2443789725164073e-04
1.6069597812e+06 3.0054370097058362e-04 2.1379249736224983e-04
1.6287079012e+06 2.9817562734786335e-04 2.0743491749419652e-04
1.6507503812e+06 2.9999104230935155e-04 2.6866882575112352e-04
1.6730911413e+06 3.0144589487333885e-04 3.6422275510743869e-04
1.6957342813e+06 2.9394951817982262e-04 2.5149256066320729e-04
1.7186838613e+06 2.9562532745506636e-04 3.1105641922576390e-04
1.7419440413e+06 2.8955534839013905e-04 2.7964399558616596e-04
1.7655190013e+06 2.8862527475758553e-04 3.1520212944819798e-04
1.7894130214e+06 2.8966512485457545e-04 3.1026041852331944e-04
1.8136304214e+06 2.8551492961865962e-04 3.1097108214626755e-04
1.8381755814e+06 2.8398210443545129e-04 2.7039538578856081e-04
1.8630529214e+06 2.8321451921944565e-04 2.6851341050599975e-04
1.8882669415e+06 2.7916951220460139e-04 3.1350144973847426e-04
1.9138222015e+06 2.7973478523942368e-04 2.9691891916790668e-04
1.9397233215e+06 2.7510070772618388e-04 2.8023262025685401e-04
1.9659749615e+06 2.7600692718346539e-04 3.1375103972525859e-04
1.9925819016e+06 2.7568192394423872e-04 3.4813513724313706e-04
2.0195489416e+06 2.7407314452749680e-04 3.0289235328658778e-04
2.0468809216e+06 2.6678443132507673e-04 2.4659549247788048e-04
2.0745828216e+06 2.6862137160065105e-04 2.5802864395186697e-04
2.1026596217e+06 2.6729936187226320e-04 2.6231057072906392e-04
2.1311164217e+06 2.6581756093688267e-04 3.1464763121789565e-04
2.1599583417e+06 2.6214384185092588e-04 2.7553357483107836e-04
2.1891905817e+06 2.6136752925809057e-04 2.5590893900616103e-04
2.2188184618e+06 2.5953498440290268e-04 2.5212695349510251e-04
2.2488473018e+06 2.5488280533316041e-04 1.8978663214385777e-04
2.2792825618e+06 2.5286373527453384e-04 1.8605151026075868e-04
2.3101297018e+06 2.5387950024145821e-04 2.5588003104313193e-04
2.3413943419e+06 2.5267222447270421e-04 2.2573664682507726e-04
2.3730821019e+06 2.5218586001443487e-04 2.9391948709685657e-04
2.4051987019e+06 2.4711458347000071e-04 2.3176546569778013e-04
2.4377499620e+06 2.4699181458965252e-04 2.4012277254097201e-04
2.4707417820e+06 2.4663785445124599e-04 2.6766046664147874e-04
2.5041800820e+06 2.4472163181589343e-04 2.6690064959895122e-04
2.5380709221e+06 2.4021996467456154e-04 1.8670755338638602e-04
2.5724204421e+06 2.3897491622266429e-04 2.2083874276610660e-04
2.6072348421e+06 2.3958209683037500e-04 2.6279078894040210e-04
2.6425204022e+06 2.3721148187613107e-04 2.5965834450483456e-04
2.6782835222e+06 2.3554515450244879e-04 2.2112151379984144e-04
2.7145306422e+06 2.3543885867820794e-04 2.8028092866644219e-04
2.7512683023e+06 2.3339121239160553e-04 2.3179909732051301e-04
2.7885031823e+06 2.3068512195714241e-04 1.8020680995497584e-04
2.8262419823e+06 2.3039824597005431e-04 2.5997395089535826e-04
2.8644915224e+06 2.2681875195281075e-04 1.7423370474702613e-04
2.9032587224e+06 2.2815173234725885e-04 2.6305169332357665e-04
2.9425505824e+06 2.2540378322375329e-04 2.5752155836626965e-04
2.9823742225e+06 2.2230391374385660e-04 2.0039358389112048e-04
3.0227368025e+06 2.2120095347306465e-04 2.3729816582880603e-04
3.0636456625e+06 2.1980381370773774e-04 2.1804861668795023e-04
3.1051081626e+06 2.1835442855432509e-04 2.0501473458291804e-04
3.1471318026e+06 2.1796878324363488e-04 1.9804295624754377e-04
3.1897241627e+06 2.1596287472141232e-04 2.1020202951744759e-04
3.2328929827e+06 2.1548128712095953e-04 2.3246876308710720e-04
3.2766460227e+06 2.1209613680718534e-04 1.9516078846106163e-04
3.3209912028e+06 2.1309241505947362e-04 1.9956496828618642e-04
3.3659365428e+06 2.1165413611192553e-04 2.5975008324929271e-04
3.4114901429e+06 2.0868791551687600e-04 2.2563345911555369e-04
3.4576602629e+06 2.0785952654464709e-04 2.2707864186138636e-04
3.5044552430e+06 2.0666242172039773e-04 1.9160462580617132e-04
3.5518835430e+06 2.0367329212193593e-04 2.1142049889915040e-04
3.5999537030e+06 2.0282849795456983e-04 1.9070280815687866e-04
3.6486744431e+06 2.0180719178987877e-04 2.0747721060410649e-04
3.6980545431e+06 2.0187106554659081e-04 2.1331608021186115e-04
3.7481029432e+06 2.0152965950429600e-04 2.3959926488438849e-04
3.7988286832e+06 1.9684109424415554e-04 1.9280715135843878e-04
3.8502409433e+06 1.9715938164848696e-04 2.2747753718517261e-04
3.9023489833e+06 1.9424996160033478e-04 1.6366275275616479e-04
3.9551622634e+06 1.9548460720347806e-04 2.2320510886413697e-04
4.0086902834e+06 1.9324553741338350e-04 2.2006237746319420e-04
4.0629427435e+06 1.9173238560814856e-04 1.8013700505622408e-04
4.1179294435e+06 1.8930410175420364e-04 1.9052725997037516e-04
4.1736603036e+06 1.8999690596699869e-04 2.0690960350456468e-04
4.2301454228e+06 1.8892223705236518e-04 1.6867112380476517e-04
4.2873949815e+06 1.8879102587865895e-04 2.3863636566494274e-04
4.3454193602e+06 1.8419248299937768e-04 1.3668074439444528e-04
4.4042289989e+06 1.8550640390416407e-04 2.0102589501403605e-04
4.4638345776e+06 1.8418644793947187e-04 2.0772898964850685e-04
4.5242468162e+06 1.8128537000159257e-04 2.0293903651783922e-04
4.5854766749e+06 1.8026935323439515e-04 1.7772482969803302e-04
4.6475351935e+06 1.8066789888387963e-04 1.8847887628914455e-04
4.7104335921e+06 1.7827569016928360e-04 1.5334420789813057e-04
4.7741832306e+06 1.7599228666579885e-04 1.7679501400021534e-04
4.8387956492e+06 1.7631870177841778e-04 1.9535631290507966e-04
4.9042825277e+06 1.7487268237641871e-04 1.9944461679495006e-04
4.9706556662e+06 1.7500500197041203e-04 2.0539954775355453e-04
5.0379270847e+06 1.7134336658963863e-04 1.6910329439568398e-04
5.1061089432e+06 1.7109050163328023e-04 1.5183192252552231e-04
5.1752135417e+06 1.6940270570977561e-04 1.6331007417681037e-04
5.2452533801e+06 1.7024652915353027e-04 2.0025747059808772e-04
5.3162411385e+06 1.6690912996163458e-04 1.7020720206802178e-04
5.3881896169e+06 1.6602706483398132e-04 1.6295366008508522e-04
5.4611118153e+06 1.6518930187913458e-04 1.8237153982803077e-04
5.5350209136e+06 1.6432459808172090e-04 1.4380168011568652e-04
5.6099302920e+06 1.6270068307415437e-04 1.2474387209514954e-04
5.6858534703e+06 1.6170770778467695e-04 1.5750776248288172e-04
5.7628041685e+06 1.6095831277144129e-04 1.8470336408566115e-04
5.8407963068e+06 1.5888219386797238e-04 1.3454694149741040e-04
5.9198439650e+06 1.5827207956205770e-04 1.3212398077171422e-04
5.9999614232e+06 1.5830481853368059e-04 1.3989831107510476e-04
6.0811631614e+06 1.5611408959097912e-04 1.6811934680822878e-04
6.1634638796e+06 1.5678833486725547e-04 1.9027921404483580e-04
6.2468784177e+06 1.5568054400635082e-04 1.8193121378630667e-04
6.3314218558e+06 1.5395876360173414e-04 1.3507594229014041e-04
6.4171094939e+06 1.5172852013822615e-04 1.2490846645405734e-04
6.5039568120e+06 1.5305603315550828e-04 1.7939956535097871e-04
6.5919794900e+06 1.4895838497748000e-04 1.1731571483121830e-04
6.6811934280e+06 1.5042514766447528e-04 1.5293808790493049e-04
6.7716147860e+06 1.4826815398824139e-04 1.3567425077988385e-04
6.8632598639e+06 1.4761244927736722e-04 1.6647295063000782e-04
6.9561452419e+06 1.4708517194347433e-04 1.7105814239586666e-04
7.0502876998e+06 1.4602501674004494e-04 1.2398599591916147e-04
7.1457042576e+06 1.4637558882676807e-04 1.8527362135658295e-04
7.2424121555e+06 1.4464959967988485e-04 1.5838572355927883e-04
7.3404288733e+06 1.4269543308912882e-04 1.5319456542719410e-04
7.4397721311e+06 1.4238614352764662e-04 1.5934427510812623e-04
7.5404598488e+06 1.4086290433642243e-04 1.1761598799286495e-04
7.6425102665e+06 1.3905897325636158e-04 1.1075575163612692e-04
7.7459417842e+06 1.3925365931344687e-04 1.4059560434977284e-04
7.8507731419e+06 1.3742290560199089e-04 1.4597959095558318e-04
7.9570232395e+06 1.3843785299104630e-04 1.6037999688558573e-04
8.0647112971e+06 1.3740495297651447e-04 1.6486859852286645e-04
8.1738567747e+06 1.3491029544771354e-04 1.0724417683665512e-04
8.2844793922e+06 1.3472616045269610e-04 1.2283071278997436e-04
8.3965991297e+06 1.3246563959393837e-04 1.0151963722735017e-04
8.5102362871e+06 1.3224841089094739e-04 1.4824354405177138e-04
8.6254113646e+06 1.3175774214687472e-04 1.1553896317262322e-04
8.7421452019e+06 1.3163149643248621e-04 1.2653283323898291e-04
8.8604588793e+06 1.3126297019627579e-04 1.5977865634853069e-04
8.9803737566e+06 1.2943832492511020e-04 1.1199298813851973e-04
9.1019115539e+06 1.2904466936055449e-04 1.4738853851309147e-04
9.2250941912e+06 1.2791486919741049e-04 1.0410337124246738e-04
9.3499439684e+06 1.2617128120582239e-04 1.2520014415987084e-04
9.4764834055e+06 1.2503876630579481e-04 1.1467155572498421e-04
9.6047354027e+06 1.2401514976085988e-04 9.9416622134983760e-05
9.7347231198e+06 1.2395205207440711e-04 1.1527041873885940e-04
9.8664700568e+06 1.2333355304156824e-04 1.3296008141481407e-04
